x, y, z, qx, qy, qz, qw
-0.0315000000, 0.0000000003, 0.1150000000, 0.0262394400, 0.0000000000, 0.0284303300, 0.9992514000
-0.0315028700, 0.0000023921, 0.1149999000, 0.0259969600, 0.0000000000, 0.0286345300, 0.9992518000
-0.0315155000, -0.0000049433, 0.1150565000, 0.0259840600, -0.0001220703, 0.0286543000, 0.9992515000
-0.0315285000, -0.0000260136, 0.1150967000, 0.0259654200, 0.0000000000, 0.0286543000, 0.9992521000
-0.0315056100, -0.0000771253, 0.1150766000, 0.0259421700, -0.0001726335, 0.0286540400, 0.9992527000
-0.0314939500, -0.0000990397, 0.1150681000, 0.0259539400, 0.0000000000, 0.0286504000, 0.9992525000
-0.0314496100, -0.0001547438, 0.1150634000, 0.0259266500, 0.0000000000, 0.0286932800, 0.9992520000
-0.0314481000, -0.0002015443, 0.1150765000, 0.0259108400, 0.0000000000, 0.0286462400, 0.9992537000
-0.0314705900, -0.0001802079, 0.1150817000, 0.0259766100, 0.0000000000, 0.0286269800, 0.9992526000
-0.0314787800, -0.0001833123, 0.1151125000, 0.0259662800, 0.0000000000, 0.0286459800, 0.9992523000
-0.0314483100, -0.0002309858, 0.1151209000, 0.0259257900, 0.0000000000, 0.0286761300, 0.9992525000
-0.0314468100, -0.0002499095, 0.1151193000, 0.0259329800, 0.0000000000, 0.0286290700, 0.9992537000
-0.0314468100, -0.0002414223, 0.1151205000, 0.0259637000, 0.0000000000, 0.0286415600, 0.9992525000
-0.0314455100, -0.0002424025, 0.1151168000, 0.0259648500, 0.0000000000, 0.0286597600, 0.9992520000
-0.0313957100, -0.0003035070, 0.1151154000, 0.0259148700, 0.0000000000, 0.0286763900, 0.9992528000
-0.0313838400, -0.0003139755, 0.1151157000, 0.0259467600, 0.0000000000, 0.0286769100, 0.9992519000
-0.0313578300, -0.0004222469, 0.1151232000, 0.0258607600, 0.0000000000, 0.0286478000, 0.9992550000
-0.0313687700, -0.0004179257, 0.1151328000, 0.0259309600, 0.0000000000, 0.0286712000, 0.9992525000
-0.0313902800, -0.0003841328, 0.1151549000, 0.0259637000, 0.0000000000, 0.0286368700, 0.9992526000
-0.0313769800, -0.0003979679, 0.1151343000, 0.0259283800, 0.0000000000, 0.0286582000, 0.9992530000
-0.0313827800, -0.0003818552, 0.1151247000, 0.0259522200, 0.0000000000, 0.0286535200, 0.9992524000
-0.0313742400, -0.0003662118, 0.1151180000, 0.0259662800, -0.0001220703, 0.0286579400, 0.9992520000
-0.0313761300, -0.0003575827, 0.1151115000, 0.0259571000, 0.0000000000, 0.0286285500, 0.9992530000
-0.0313835300, -0.0003156223, 0.1151042000, 0.0259843500, 0.0000000000, 0.0286491000, 0.9992517000
-0.0313388900, -0.0003273073, 0.1150918000, 0.0259381500, 0.0000000000, 0.0286808100, 0.9992520000
-0.0313195300, -0.0003489736, 0.1151034000, 0.0259203300, 0.0000000000, 0.0286865200, 0.9992523000
-0.0313069500, -0.0004012583, 0.1150969000, 0.0258889800, 0.0000000000, 0.0286626200, 0.9992538000
-0.0313248200, -0.0003955805, 0.1151002000, 0.0259393000, -0.0001220703, 0.0286480600, 0.9992529000
-0.0313441200, -0.0003503911, 0.1151065000, 0.0259791900, 0.0000000000, 0.0286433800, 0.9992521000
-0.0313764800, -0.0003268823, 0.1151294000, 0.0259786200, 0.0000000000, 0.0286415600, 0.9992521000
-0.0313893900, -0.0003164012, 0.1151352000, 0.0259639800, 0.0000000000, 0.0286415600, 0.9992525000
-0.0314072000, -0.0003025482, 0.1151423000, 0.0259668500, 0.0000000000, 0.0286191800, 0.9992530000
-0.0313936100, -0.0003234293, 0.1151403000, 0.0259352700, 0.0000000000, 0.0286631400, 0.9992526000
-0.0314158700, -0.0002976996, 0.1151429000, 0.0259723000, 0.0000000000, 0.0286259400, 0.9992527000
-0.0313692100, -0.0003358028, 0.1151373000, 0.0259174600, 0.0000000000, 0.0286618400, 0.9992531000
-0.0313807200, -0.0003180345, 0.1151300000, 0.0259659900, 0.0000000000, 0.0286342700, 0.9992526000
-0.0313657800, -0.0003378946, 0.1151251000, 0.0259275200, 0.0000000000, 0.0286340100, 0.9992536000
-0.0313716700, -0.0003125871, 0.1151071000, 0.0259740300, 0.0000000000, 0.0286345300, 0.9992524000
-0.0313822900, -0.0003048192, 0.1151103000, 0.0259688600, 0.0000000000, 0.0286275100, 0.9992527000
-0.0313918300, -0.0003027349, 0.1151176000, 0.0259654200, 0.0000000000, 0.0286275100, 0.9992528000
-0.0313979500, -0.0002840838, 0.1151209000, 0.0259832100, 0.0000000000, 0.0286217800, 0.9992526000
-0.0313637800, -0.0003614417, 0.1151230000, 0.0259096900, 0.0000000000, 0.0286491000, 0.9992537000
-0.0313781500, -0.0003665687, 0.1151417000, 0.0259482000, 0.0000000000, 0.0286228200, 0.9992535000
-0.0314009700, -0.0003113683, 0.1151469000, 0.0260001200, 0.0000000000, 0.0286267300, 0.9992520000
-0.0313869700, -0.0003162624, 0.1151467000, 0.0259588200, 0.0000000000, 0.0286223000, 0.9992532000
-0.0313683000, -0.0003150417, 0.1151327000, 0.0259665700, 0.0000000000, 0.0286277700, 0.9992528000
-0.0313654700, -0.0003273443, 0.1151383000, 0.0259441800, 0.0000000000, 0.0286376500, 0.9992531000
-0.0313630000, -0.0003226896, 0.1151353000, 0.0259591100, 0.0000000000, 0.0286470200, 0.9992524000
-0.0313719500, -0.0003130014, 0.1151207000, 0.0259671400, 0.0000000000, 0.0286285500, 0.9992528000
-0.0313726600, -0.0003216456, 0.1151166000, 0.0259467600, 0.0000000000, 0.0286446800, 0.9992528000
-0.0313598900, -0.0003256722, 0.1150927000, 0.0259476200, 0.0000000000, 0.0286306300, 0.9992532000
-0.0313746400, -0.0003204239, 0.1150929000, 0.0259545100, 0.0000000000, 0.0286407800, 0.9992527000
-0.0313841100, -0.0003066863, 0.1150955000, 0.0259625500, 0.0000000000, 0.0286553400, 0.9992521000
-0.0313719400, -0.0003141775, 0.1150986000, 0.0259413000, 0.0000000000, 0.0286706800, 0.9992523000
-0.0313929100, -0.0003145617, 0.1150999000, 0.0259415900, 0.0000000000, 0.0286608000, 0.9992525000
-0.0313656600, -0.0003204884, 0.1150888000, 0.0259355600, 0.0000000000, 0.0286724900, 0.9992524000
-0.0313601700, -0.0003036438, 0.1150773000, 0.0259634100, 0.0000000000, 0.0286771700, 0.9992515000
-0.0313660700, -0.0002813467, 0.1150708000, 0.0259771800, 0.0000000000, 0.0286615800, 0.9992515000
-0.0313670700, -0.0003122253, 0.1150917000, 0.0259183200, -0.0001220703, 0.0286802900, 0.9992526000
-0.0313641000, -0.0003084064, 0.1150791000, 0.0259479100, 0.0000000000, 0.0286862600, 0.9992516000
-0.0313645300, -0.0002916188, 0.1150623000, 0.0259639800, 0.0000000000, 0.0286818500, 0.9992513000
-0.0313673200, -0.0003180996, 0.1150782000, 0.0259088300, 0.0000000000, 0.0286836700, 0.9992527000
-0.0313423900, -0.0003201421, 0.1150744000, 0.0259324000, 0.0000000000, 0.0287034000, 0.9992515000
-0.0313316100, -0.0003247524, 0.1150708000, 0.0259197600, 0.0000000000, 0.0287169000, 0.9992515000
-0.0313744800, -0.0002638880, 0.1151002000, 0.0259680000, 0.0000000000, 0.0287047000, 0.9992506000
-0.0313877000, -0.0002594725, 0.1151087000, 0.0259131400, 0.0000000000, 0.0286904200, 0.9992524000
-0.0313808200, -0.0003185537, 0.1151056000, 0.0258711300, -0.0001220703, 0.0287347900, 0.9992522000
-0.0313732800, -0.0003935908, 0.1151187000, 0.0258302100, 0.0000000000, 0.0287503500, 0.9992528000
-0.0313927900, -0.0004057683, 0.1151260000, 0.0258872500, 0.0000000000, 0.0287161200, 0.9992524000
-0.0313941900, -0.0004998861, 0.1151476000, 0.0258152000, 0.0000000000, 0.0287498300, 0.9992532000
-0.0313971500, -0.0005240412, 0.1151572000, 0.0258469300, 0.0000000000, 0.0287267500, 0.9992531000
-0.0314038700, -0.0005213309, 0.1151671000, 0.0258760300, 0.0000000000, 0.0287272700, 0.9992523000
-0.0314215700, -0.0004361213, 0.1151799000, 0.0259292400, 0.0000000000, 0.0287132600, 0.9992513000
-0.0314206500, -0.0004305958, 0.1151760000, 0.0259088300, 0.0000000000, 0.0287441200, 0.9992509000
-0.0314205300, -0.0004402902, 0.1151787000, 0.0258699800, 0.0000000000, 0.0287314200, 0.9992523000
-0.0314281300, -0.0004102219, 0.1151696000, 0.0259321100, 0.0000000000, 0.0287586400, 0.9992499000
-0.0314166500, -0.0002884772, 0.1150861000, 0.0260390600, 0.0000000000, 0.0289646400, 0.9992412000
-0.0313507200, -0.0002681445, 0.1148602000, 0.0262133000, 0.0000000000, 0.0295046800, 0.9992209000
-0.0311835500, -0.0002577674, 0.1143822000, 0.0270379500, 0.0004567453, 0.0299637200, 0.9991851000
-0.0305212800, -0.0002296999, 0.1135578000, 0.0290870800, 0.0013810680, 0.0309158600, 0.9990977000
-0.0302151500, 0.0002806693, 0.1134102000, 0.0317945700, 0.0035295000, 0.0330862300, 0.9989405000
-0.0300467100, 0.0014015620, 0.1131609000, 0.0342750300, 0.0061955950, 0.0359247800, 0.9987473000
-0.0315826900, 0.0039322100, 0.1152449000, 0.0348525200, 0.0094468540, 0.0384552500, 0.9986076000
-0.0330667800, 0.0115090800, 0.1153105000, 0.0331600100, 0.0120200500, 0.0390144100, 0.9986159000
-0.0332312600, 0.0125715100, 0.1151171000, 0.0281630800, 0.0138811700, 0.0354115400, 0.9988794000
-0.0322864100, -0.0080867660, 0.1150302000, 0.0240605500, 0.0132613500, 0.0270341000, 0.9992569000
-0.0328214400, -0.0087734280, 0.1167263000, 0.0232748100, 0.0088153030, 0.0244369400, 0.9993916000
-0.0314764500, -0.0088305030, 0.1145864000, 0.0232190400, 0.0057411990, 0.0235402700, 0.9994367000
-0.0313019300, -0.0027940500, 0.1137290000, 0.0253424600, 0.0053973850, 0.0244881100, 0.9993643000
-0.0307961600, -0.0008723749, 0.1123377000, 0.0265356300, 0.0061351720, 0.0251435200, 0.9993128000
-0.0306659000, 0.0022392440, 0.1121690000, 0.0278820500, 0.0085213470, 0.0251159500, 0.9992593000
-0.0294743700, 0.0029822630, 0.1111495000, 0.0284531200, 0.0113091400, 0.0235374200, 0.9992540000
-0.0292916100, 0.0033319120, 0.1085372000, 0.0309972100, 0.0139571800, 0.0227034400, 0.9991641000
-0.0284744000, -0.0054303030, 0.1076060000, 0.0369738000, 0.0163647100, 0.0231850100, 0.9989132000
-0.0283164500, -0.0108663200, 0.1069297000, 0.0510480200, 0.0195952300, 0.0250104200, 0.9981907000
-0.0278874500, -0.0163637500, 0.1053685000, 0.0712420200, 0.0230105000, 0.0273260300, 0.9968191000
-0.0279181600, -0.0158604500, 0.1029494000, 0.0957808600, 0.0268377100, 0.0290742700, 0.9946157000
-0.0281631400, -0.0158212900, 0.1005429000, 0.1190107000, 0.0310608400, 0.0294594400, 0.9919696000
-0.0280708500, -0.0181871800, 0.0978753100, 0.1385535000, 0.0356838100, 0.0280947400, 0.9893130000
-0.0280334700, -0.0210863300, 0.0952103000, 0.1404068000, 0.0391507100, 0.0114947200, 0.9892528000
-0.0280136000, -0.0215090900, 0.0946895700, 0.1367017000, 0.0425840000, -0.0066782610, 0.9896740000
-0.0336587900, -0.0211728300, 0.0924792600, 0.1439404000, 0.0495061000, -0.0120287300, 0.9882741000
-0.0462660000, -0.0161346300, 0.0842280500, 0.1471549000, 0.0578470300, -0.0176513000, 0.9872627000
-0.0477017700, -0.0153741200, 0.0839674900, 0.1440503000, 0.0814484400, -0.0279650300, 0.9858162000
-0.0484354700, -0.0150573300, 0.0829671500, 0.1414703000, 0.0869851900, -0.0331757400, 0.9855552000
-0.0506876900, -0.0152841200, 0.0826023400, 0.1380644000, 0.0921904100, -0.0377228900, 0.9854015000
-0.0511640000, -0.0153254200, 0.0824113000, 0.1388423000, 0.1219851000, -0.0464321500, 0.9816754000
-0.0514738100, -0.0157482100, 0.0818069300, 0.1358420000, 0.1252959000, -0.0489847300, 0.9815540000
-0.0520035100, -0.0166777400, 0.0816265300, 0.1320451000, 0.1276773000, -0.0504042500, 0.9816934000
-0.0522049200, -0.0169021800, 0.0814992500, 0.1272638000, 0.1290108000, -0.0508734500, 0.9821263000
-0.0523500300, -0.0170359900, 0.0813811200, 0.1207804000, 0.1296711000, -0.0503413900, 0.9828852000
-0.0524826900, -0.0171525500, 0.0812750800, 0.1096618000, 0.1278270000, -0.0493029600, 0.9844815000
-0.0534412400, -0.0090177520, 0.0806385000, 0.0997536300, 0.1261455000, -0.0469034400, 0.9858684000
-0.0539910700, -0.0037146820, 0.0796896300, 0.0883375900, 0.1237784000, -0.0442090100, 0.9873809000
-0.0553665300, 0.0026266460, 0.0794906200, 0.0767379600, 0.1237002000, -0.0353814400, 0.9887151000
-0.0563920800, 0.0027992510, 0.0793846000, 0.0647986500, 0.1232862000, -0.0234473500, 0.9899757000
-0.0575897800, 0.0088051120, 0.0789080700, 0.0581362400, 0.1226740000, -0.0138015000, 0.9906467000
-0.0582616200, 0.0113843200, 0.0781577200, 0.0492377800, 0.1223877000, -0.0077155780, 0.9912302000
-0.0607971800, 0.0134655400, 0.0780225800, 0.0413063300, 0.1221677000, -0.0069729830, 0.9916251000
-0.0622516000, 0.0173765100, 0.0780168300, 0.0315952300, 0.1227564000, -0.0090743490, 0.9918923000
-0.0625521900, 0.0244846900, 0.0751412000, 0.0199371100, 0.1239424000, -0.0099087710, 0.9920396000
-0.0630541900, 0.0266070900, 0.0738543000, 0.0061010740, 0.1255729000, -0.0085178490, 0.9920291000
-0.0632159400, 0.0160140900, 0.0736645900, -0.0020169320, 0.1367022000, -0.0044884710, 0.9906000000
-0.0633444600, 0.0150626600, 0.0735391900, -0.0049810070, 0.1244611000, 0.0014850490, 0.9922109000
-0.0647693300, 0.0133757800, 0.0735142800, -0.0049192970, 0.1244471000, 0.0021492700, 0.9922117000
-0.0651832500, 0.0124339300, 0.0737603900, -0.0038214050, 0.1238587000, 0.0007221777, 0.9922922000
-0.0830093800, 0.0122310100, 0.0756608700, -0.0022999810, 0.1271206000, -0.0035901960, 0.9918781000
-0.0678685700, 0.0131111700, 0.0754679100, -0.0017220140, 0.1238915000, -0.0046418830, 0.9922834000
-0.0677351300, 0.0132820000, 0.0754709100, -0.0035693830, 0.1233829000, -0.0031026040, 0.9923479000
-0.0681980600, 0.0129434900, 0.0750257000, -0.0045511110, 0.1229910000, -0.0004401308, 0.9923973000
-0.0700570500, 0.0127064500, 0.0749980900, -0.0039043420, 0.1248621000, 0.0001726335, 0.9921664000
-0.1064491000, 0.0130192700, 0.0748003400, -0.0032365900, 0.1304756000, -0.0018391750, 0.9914445000
-0.0699879200, 0.0128590100, 0.0749712700, -0.0035463470, 0.1233298000, -0.0020389760, 0.9923573000
-0.0683602600, 0.0128559700, 0.0750719200, -0.0037246450, 0.1230917000, -0.0024897560, 0.9923851000
-0.0682747100, 0.0127694200, 0.0751656400, -0.0040430900, 0.1233554000, -0.0014800240, 0.9923532000
-0.0683378300, 0.0126523500, 0.0752152800, -0.0039195790, 0.1239131000, -0.0007117861, 0.9922851000
-0.0683589900, 0.0125955100, 0.0752640000, -0.0023096790, 0.1408069000, -0.0021665330, 0.9900320000
-0.0683743500, 0.0125502200, 0.0753057900, -0.0034310230, 0.1441826000, -0.0033049280, 0.9895397000
-0.0736068000, 0.0453633000, 0.0741125800, 0.0013702360, 0.1247216000, -0.0004567453, 0.9921907000
-0.0742110500, 0.0471393500, 0.0740002000, -0.0013810680, 0.1529194000, -0.0034310230, 0.9882317000
-0.0747564500, 0.0472968400, 0.0739251400, -0.0013260230, 0.1532287000, -0.0030074910, 0.9881853000
-0.0753697800, 0.0473537700, 0.0739579600, -0.0013756630, 0.1533048000, -0.0031050040, 0.9881731000
-0.0755875600, 0.0473962400, 0.0739474900, -0.0014699210, 0.1529857000, -0.0035337190, 0.9882210000
-0.0756744000, 0.0474791200, 0.0738856500, -0.0014287960, 0.1529236000, -0.0036129510, 0.9882304000
-0.0757190700, 0.0475310400, 0.0738402400, -0.0013316300, 0.1530676000, -0.0032981580, 0.9882093000
-0.0758434300, 0.0475721000, 0.0738255000, -0.0013756630, 0.1531849000, -0.0031193680, 0.9881917000
-0.0759272600, 0.0475992400, 0.0738282400, -0.0014597490, 0.1531070000, -0.0032732150, 0.9882032000
-0.0759803500, 0.0476163400, 0.0738341300, -0.0014749810, 0.1529950000, -0.0035125720, 0.9882196000
-0.0760134400, 0.0476474500, 0.0738132000, -0.0013918160, 0.1530289000, -0.0034591380, 0.9882147000
-0.0760796700, 0.0476690400, 0.0738129400, -0.0013538250, 0.1531446000, -0.0032663790, 0.9881974000
-0.0761132800, 0.0476880900, 0.0738188000, 0.0015392480, 0.1894792000, -0.0056192130, 0.9818675000
-0.0762130200, 0.0477211700, 0.0738301600, 0.0015099260, 0.1894403000, -0.0057683880, 0.9818741000
-0.0762746900, 0.0477508800, 0.0738516600, 0.0015537010, 0.1894381000, -0.0058338880, 0.9818741000
-0.0767765000, 0.0477945500, 0.0740975400, 0.0016148380, 0.1896580000, -0.0057593390, 0.9818320000
-0.0769129700, 0.0478252000, 0.0741899100, 0.0016558420, 0.1995242000, -0.0059263850, 0.9798736000
-0.0770024800, 0.0478517600, 0.0742542500, 0.0023417150, 0.2027723000, -0.0061096160, 0.9792041000
-0.0770808900, 0.0478757200, 0.0743102400, 0.0021870700, 0.2054169000, -0.0061473040, 0.9786528000
-0.0771515600, 0.0478973500, 0.0743606900, 0.0026266400, 0.2072787000, -0.0061315270, 0.9782592000
-0.0772153200, 0.0479168600, 0.0744075600, 0.0032042000, 0.2104377000, -0.0060347690, 0.9775834000
-0.0772721900, 0.0479344700, 0.0744498300, 0.0028392830, 0.2121176000, -0.0059489710, 0.9772219000
-0.0771151500, 0.0479372600, 0.0743478900, 0.0015295370, 0.1894714000, -0.0057489800, 0.9818682000
-0.0770463000, 0.0479351200, 0.0742974300, 0.0015488990, 0.1894595000, -0.0057761320, 0.9818704000
-0.0770150600, 0.0479285500, 0.0742753500, 0.0015392480, 0.1894832000, -0.0057696790, 0.9818658000
-0.0769982800, 0.0479200100, 0.0742660200, 0.0015099260, 0.1895019000, -0.0057321080, 0.9818625000
-0.0769847600, 0.0479130300, 0.0742620600, 0.0041197600, 0.2233500000, -0.0078827560, 0.9746977000
-0.0770103600, 0.0478860300, 0.0743176100, 0.0041088950, 0.2233899000, -0.0079355090, 0.9746882000
-0.0771905600, 0.0478581100, 0.0744493900, 0.0041161410, 0.2234850000, -0.0079411410, 0.9746663000
-0.1070904000, 0.0476807700, 0.0858424500, 0.0039743210, 0.2282540000, -0.0081119370, 0.9735597000
-0.1087624000, 0.0476105300, 0.0869847200, 0.0038291960, 0.2301521000, -0.0080741920, 0.9731137000
-0.1089878000, 0.0475605100, 0.0873090300, 0.0039836840, 0.2323070000, -0.0083660470, 0.9725983000
-0.1090668000, 0.0475146700, 0.0875014100, 0.0035526450, 0.2336850000, -0.0081932730, 0.9722713000
-0.1091354000, 0.0474739300, 0.0876879700, 0.0044013080, 0.2357141000, -0.0083624850, 0.9717765000
-0.1091910000, 0.0474371200, 0.0878502100, 0.0046402780, 0.2371475000, -0.0088229060, 0.9714226000
-0.1092358000, 0.0474061600, 0.0880138100, 0.0047261870, 0.2389638000, -0.0087949940, 0.9709771000
-0.0881638200, 0.0791599000, 0.0760707600, 0.0092861740, 0.2247554000, -0.0069182750, 0.9743464000
-0.0862357200, 0.0789526200, 0.0751081300, 0.0087720920, 0.2246419000, -0.0070442080, 0.9743764000
-0.0859032100, 0.0789011900, 0.0749452600, 0.0054358990, 0.2440706000, -0.0091389830, 0.9696992000
-0.0836016500, 0.0745698800, 0.0740574700, 0.0078600390, 0.2241229000, -0.0072362060, 0.9745023000
-0.0835518200, 0.0801840000, 0.0735450400, 0.0093469520, 0.2244162000, -0.0070600560, 0.9744230000
-0.0831743700, 0.0776111900, 0.0733733500, 0.0084175420, 0.2242313000, -0.0071606490, 0.9744733000
-0.0830092000, 0.0766225800, 0.0732388100, 0.0082521700, 0.2242054000, -0.0072000790, 0.9744804000
-0.0863043100, 0.0798854400, 0.0744957800, 0.0091772200, 0.2251309000, -0.0070494940, 0.9742598000
-0.0866475600, 0.0803363800, 0.0748818400, 0.0057748420, 0.2514742000, -0.0095737690, 0.9677995000
-0.0868905100, 0.0804349200, 0.0751538300, 0.0057321080, 0.2515142000, -0.0095831030, 0.9677892000
-0.0871307000, 0.0805355800, 0.0753892800, 0.0057151850, 0.2515563000, -0.0095729900, 0.9677784000
-0.0872694200, 0.0806507000, 0.0755224800, 0.0057360060, 0.2514971000, -0.0095729900, 0.9677937000
-0.0874159500, 0.0807266800, 0.0756520900, 0.0057308080, 0.2515446000, -0.0095823250, 0.9677813000
-0.0874963600, 0.0807941300, 0.0757290300, 0.0057360060, 0.2515126000, -0.0095799920, 0.9677896000
-0.0891734600, 0.0805507700, 0.0775274000, 0.0055283160, 0.2519712000, -0.0096350530, 0.9676710000
-0.0895222400, 0.0804340200, 0.0779195200, 0.0054904510, 0.2519868000, -0.0096874930, 0.9676666000
-0.0914315600, 0.0801503700, 0.0791678800, 0.0053960050, 0.2523907000, -0.0096133760, 0.9675626000
-0.0906245400, 0.0803153100, 0.0786524000, 0.0056231900, 0.2518142000, -0.0096226720, 0.9677114000
-0.0904686200, 0.0803605000, 0.0785679300, 0.0049010890, 0.2615407000, -0.0100572900, 0.9651276000
-0.0904003500, 0.0803882900, 0.0785257500, 0.0053946240, 0.2626116000, -0.0099866650, 0.9648349000
-0.0893900600, 0.0805999400, 0.0775789000, 0.0057282070, 0.2515128000, -0.0095542930, 0.9677899000
-0.0891624400, 0.0806794500, 0.0773728000, 0.0055992900, 0.2647718000, -0.0100580300, 0.9642423000
-0.0890383100, 0.0807380100, 0.0772589300, 0.0044249440, 0.2653052000, -0.0099305530, 0.9641032000
-0.0888437300, 0.0808624800, 0.0770235900, 0.0057825780, 0.2514578000, -0.0095253960, 0.9678042000
-0.0887383800, 0.0809228700, 0.0769213600, 0.0057658040, 0.2514729000, -0.0095261780, 0.9678003000
-0.0886267200, 0.0808297500, 0.0769067300, 0.0056125800, 0.2515365000, -0.0095690980, 0.9677842000
-0.0884160000, 0.0810071700, 0.0766426300, 0.0223011500, 0.2508105000, -0.0161870900, 0.9676439000
-0.0883277700, 0.0810321400, 0.0765830100, 0.0387640000, 0.2501287000, -0.0229336300, 0.9671645000
-0.0882685600, 0.0810686100, 0.0765491500, 0.0388008900, 0.2501414000, -0.0229089300, 0.9671602000
-0.0882111400, 0.0811159000, 0.0764605700, 0.0388262300, 0.2501172000, -0.0229144500, 0.9671654000
-0.0881457400, 0.0811529700, 0.0763950800, 0.0388385100, 0.2501068000, -0.0228978700, 0.9671680000
-0.0880758900, 0.0811742800, 0.0763579500, 0.0388193200, 0.2501011000, -0.0228682400, 0.9671709000
-0.0880300100, 0.0812028100, 0.0763276300, 0.0388473300, 0.2501045000, -0.0228946100, 0.9671683000
-0.0879724000, 0.0812201400, 0.0763085100, 0.0388271900, 0.2500951000, -0.0228881000, 0.9671717000
-0.0879349700, 0.0812312400, 0.0762986200, 0.0388031900, 0.2501172000, -0.0229147800, 0.9671662000
-0.0878948400, 0.0812509400, 0.0762269900, 0.0388325600, 0.2500884000, -0.0228871300, 0.9671732000
-0.0878672700, 0.0812723500, 0.0762037900, 0.0388310300, 0.2501059000, -0.0228640000, 0.9671693000
-0.0878234600, 0.0812836700, 0.0761907200, 0.0388225800, 0.2500949000, -0.0229024200, 0.9671716000
-0.0877983600, 0.0812677400, 0.0761937400, 0.0388008900, 0.2501093000, -0.0229030700, 0.9671687000
-0.0877775000, 0.0812472600, 0.0761864000, 0.0387686200, 0.2500997000, -0.0229092500, 0.9671723000
-0.0877625300, 0.0812478100, 0.0761790600, 0.0388222000, 0.2501013000, -0.0228926600, 0.9671701000
-0.0877357300, 0.0812684700, 0.0761325600, 0.0388293000, 0.2500886000, -0.0228815900, 0.9671734000
-0.0877206000, 0.0812961200, 0.0761057300, 0.0388613300, 0.2500769000, -0.0228894000, 0.9671749000
-0.0876760500, 0.0812817600, 0.0761051100, 0.0388060700, 0.2500787000, -0.0228881000, 0.9671767000
-0.0876540500, 0.0812943700, 0.0760926800, 0.0388323700, 0.2500898000, -0.0228825700, 0.9671730000
-0.0877152300, 0.0812555000, 0.0761288100, 0.0387795700, 0.2501561000, -0.0229190100, 0.9671571000
-0.0877099800, 0.0812996800, 0.0760842800, 0.0388454100, 0.2501008000, -0.0228884300, 0.9671695000
-0.0877130300, 0.0812938500, 0.0761007600, 0.0387830300, 0.2501131000, -0.0229433700, 0.9671675000
-0.0877034500, 0.0813055900, 0.0760947500, 0.0388327500, 0.2500974000, -0.0229121800, 0.9671703000
-0.0877138400, 0.0812648200, 0.0761231200, 0.0387847600, 0.2501236000, -0.0229255100, 0.9671651000
-0.0877259100, 0.0812983400, 0.0761160000, 0.0388377400, 0.2501190000, -0.0228936400, 0.9671649000
-0.0877333100, 0.0812906000, 0.0761241400, 0.0387761100, 0.2501107000, -0.0229375300, 0.9671685000
-0.0877323700, 0.0812877500, 0.0761203600, 0.0388133700, 0.2501137000, -0.0229089300, 0.9671669000
-0.0877042000, 0.0812515800, 0.0761196500, 0.0387912900, 0.2500970000, -0.0228975400, 0.9671724000
-0.0876878300, 0.0813225200, 0.0760550500, 0.0388657400, 0.2500829000, -0.0228584600, 0.9671739000
-0.0876960200, 0.0812942800, 0.0760786000, 0.0388012800, 0.2501227000, -0.0229050200, 0.9671652000
-0.0877067500, 0.0812823000, 0.0760938800, 0.0387922500, 0.2501245000, -0.0229102300, 0.9671649000
-0.0877126200, 0.0812744900, 0.0761011200, 0.0388089500, 0.2501269000, -0.0228822400, 0.9671643000
-0.0877085800, 0.0812693700, 0.0760958900, 0.0388056900, 0.2501097000, -0.0228871300, 0.9671688000
-0.0877127900, 0.0812554900, 0.0761058100, 0.0387874500, 0.2501215000, -0.0228972200, 0.9671662000
-0.0877446200, 0.0811115400, 0.0761346300, 0.0386949400, 0.2501359000, -0.0229271300, 0.9671655000
-0.0877362900, 0.0811428100, 0.0761080200, 0.0388099100, 0.2501057000, -0.0228793100, 0.9671698000
-0.0877289500, 0.0811406100, 0.0760981800, 0.0387962800, 0.2501043000, -0.0228842000, 0.9671706000
-0.0877070300, 0.0811516900, 0.0760972400, 0.0388122200, 0.2501014000, -0.0228796400, 0.9671708000
-0.0877040000, 0.0811488400, 0.0760987300, 0.0387820700, 0.2501049000, -0.0228985200, 0.9671707000
-0.0876901600, 0.0811498000, 0.0760971500, 0.0387753400, 0.2500983000, -0.0229004700, 0.9671726000
-0.0878273700, 0.0809807400, 0.0761672400, 0.0386643100, 0.2501672000, -0.0229505200, 0.9671581000
-0.0877811800, 0.0810228900, 0.0761250100, 0.0387859100, 0.2500866000, -0.0228949400, 0.9671754000
-0.0877721500, 0.0810158600, 0.0761210200, 0.0387499700, 0.2501002000, -0.0228994900, 0.9671732000
-0.0877655600, 0.0810546000, 0.0760900500, 0.0388172100, 0.2501065000, -0.0228855000, 0.9671692000
-0.0877552900, 0.0810666400, 0.0760758700, 0.0388031900, 0.2501060000, -0.0228806100, 0.9671700000
-0.0877485600, 0.0809889500, 0.0761341800, 0.0387292000, 0.2501167000, -0.0229138000, 0.9671694000
-0.0877563400, 0.0810191600, 0.0761167700, 0.0387932100, 0.2501140000, -0.0228894000, 0.9671682000
-0.0877333800, 0.0809957200, 0.0761298100, 0.0387563100, 0.2501066000, -0.0228897300, 0.9671714000
-0.0877360400, 0.0810069700, 0.0761205200, 0.0387903300, 0.2501134000, -0.0228887500, 0.9671684000
-0.0877337700, 0.0810023900, 0.0761117500, 0.0387724600, 0.2501081000, -0.0228613900, 0.9671711000
-0.0877194500, 0.0810071400, 0.0761050600, 0.0387843700, 0.2501002000, -0.0228819200, 0.9671722000
-0.0877403000, 0.0809041900, 0.0761711100, 0.0386851200, 0.2501442000, -0.0229258300, 0.9671637000
-0.0877208000, 0.0809606100, 0.0761379700, 0.0387997400, 0.2500973000, -0.0228796400, 0.9671724000
-0.0877290500, 0.0809597100, 0.0761378100, 0.0387755300, 0.2501225000, -0.0228669300, 0.9671671000
-0.0877274100, 0.0809566600, 0.0761390300, 0.0387780300, 0.2501135000, -0.0228799600, 0.9671690000
-0.0877284500, 0.0809607000, 0.0761227500, 0.0387905200, 0.2501124000, -0.0228571600, 0.9671694000
-0.0877262200, 0.0809359800, 0.0761264200, 0.0387509300, 0.2501142000, -0.0228669300, 0.9671703000
-0.0877313800, 0.0809183000, 0.0761182200, 0.0387509300, 0.2501186000, -0.0228424800, 0.9671698000
-0.0877393900, 0.0808847200, 0.0761220500, 0.0387305500, 0.2501234000, -0.0228229100, 0.9671698000
-0.0877448000, 0.0808837000, 0.0760977700, 0.0387716900, 0.2501183000, -0.0228098400, 0.9671698000
-0.0877333400, 0.0807920200, 0.0760951600, 0.0387018700, 0.2501103000, -0.0228229100, 0.9671743000
-0.0877184900, 0.0807695200, 0.0760608200, 0.0387347800, 0.2500959000, -0.0228180100, 0.9671768000
-0.0876997900, 0.0807176200, 0.0760507200, 0.0386893600, 0.2500936000, -0.0228219300, 0.9671791000
-0.0876927400, 0.0806910500, 0.0760496600, 0.0387084200, 0.2501104000, -0.0228186600, 0.9671741000
-0.0876867600, 0.0806684600, 0.0760448200, 0.0387059200, 0.2501071000, -0.0228088600, 0.9671753000
-0.0876914900, 0.0806193300, 0.0760411500, 0.0386920500, 0.2501222000, -0.0228278000, 0.9671715000
-0.0876833900, 0.0805698700, 0.0760363000, 0.0386781900, 0.2501050000, -0.0228274700, 0.9671765000
-0.0876728100, 0.0805410200, 0.0760248500, 0.0386930100, 0.2501023000, -0.0228163700, 0.9671769000
-0.0876662100, 0.0805385500, 0.0760123300, 0.0387255400, 0.2501054000, -0.0228036400, 0.9671750000
-0.0876624600, 0.0804954300, 0.0760172500, 0.0386801100, 0.2501123000, -0.0228124600, 0.9671749000
-0.0876831100, 0.0804963100, 0.0760343100, 0.0387184200, 0.2501348000, -0.0228131100, 0.9671675000
-0.0876816100, 0.0804797500, 0.0760408900, 0.0387095700, 0.2501177000, -0.0228000400, 0.9671726000
-0.0877106700, 0.0803601400, 0.0761051300, 0.0386330900, 0.2501598000, -0.0228222500, 0.9671642000
-0.0877130200, 0.0804684000, 0.0761235100, 0.0387617000, 0.2501334000, -0.0227987400, 0.9671665000
-0.0877193100, 0.0805177500, 0.0761260500, 0.0387836000, 0.2501394000, -0.0227598100, 0.9671650000
-0.0877390100, 0.0805541000, 0.0761542900, 0.0386490900, 0.2501739000, -0.0226090600, 0.9671650000
-0.0877698700, 0.0805594000, 0.0761640700, 0.0385228100, 0.2501875000, -0.0223718600, 0.9671720000
-0.0877665600, 0.0804991000, 0.0761764900, 0.0385415600, 0.2501471000, -0.0226034500, 0.9671763000
-0.0877880500, 0.0805195300, 0.0761852000, 0.0385939100, 0.2500494000, -0.0229732300, 0.9671908000
-0.0877740400, 0.0805133700, 0.0761614400, 0.0387168900, 0.2499837000, -0.0232110200, 0.9671972000
-0.0877110700, 0.0804979100, 0.0760816600, 0.0393165000, 0.2500943000, -0.0233048800, 0.9671422000
-0.0875719300, 0.0803637700, 0.0758187200, 0.0402286100, 0.2503413000, -0.0236976800, 0.9670312000
-0.0875250400, 0.0797517800, 0.0756525400, 0.0422343900, 0.2507318000, -0.0242947500, 0.9668297000
-0.0874296300, 0.0776879800, 0.0757626500, 0.0459255400, 0.2512502000, -0.0253700800, 0.9664991000
-0.0868480200, 0.0755983100, 0.0757408000, 0.0510507900, 0.2513946000, -0.0264408300, 0.9661757000
-0.0867447900, 0.0735078700, 0.0766048700, 0.0580459400, 0.2513856000, -0.0264512600, 0.9657827000
-0.0867038600, 0.0726109300, 0.0774037900, 0.0656806400, 0.2508683000, -0.0254688500, 0.9654545000
-0.0876520800, 0.0809562000, 0.0800548000, 0.0753608900, 0.2504297000, -0.0217281700, 0.9649526000
-0.0898001600, 0.1108027000, 0.0827730200, 0.0837410300, 0.2496426000, -0.0160516700, 0.9645768000
-0.0889044600, 0.0995946800, 0.0829490100, 0.0787095100, 0.2475384000, -0.0110316700, 0.9656127000
-0.0905400500, 0.1320295000, 0.0838361200, 0.0768800800, 0.2474305000, -0.0053293160, 0.9658360000
-0.0914305700, 0.1400634000, 0.0840070600, 0.0685110300, 0.2473419000, -0.0018792490, 0.9665013000
-0.0915859300, 0.1491498000, 0.0841200600, 0.0621153200, 0.2470988000, -0.0012388780, 0.9669966000
-0.0917394500, 0.1560881000, 0.0842829200, 0.0587569200, 0.2465926000, -0.0037445950, 0.9673291000
-0.0918129200, 0.1568800000, 0.0843457800, 0.0583959400, 0.2456331000, -0.0088692300, 0.9675617000
-0.0918216100, 0.1571025000, 0.0843993900, 0.0600253400, 0.2443528000, -0.0154263300, 0.9677038000
-0.0917657100, 0.1572434000, 0.0844473200, 0.0616730600, 0.2431548000, -0.0222663700, 0.9677688000
-0.0910898300, 0.1857308000, 0.0887507900, 0.0615390600, 0.2425614000, -0.0285360100, 0.9677616000
-0.0899592000, 0.1979844000, 0.0906383800, 0.0575325600, 0.2427809000, -0.0323716600, 0.9678324000
-0.0891737500, 0.2088792000, 0.0918571400, 0.0516252100, 0.2436761000, -0.0338687400, 0.9678893000
-0.0881432900, 0.2200787000, 0.0920596600, 0.0457931300, 0.2447193000, -0.0331289900, 0.9679452000
-0.0868030700, 0.2301171000, 0.0923874000, 0.0331710200, 0.2463229000, -0.0283063700, 0.9682063000
-0.0854541100, 0.2412603000, 0.0926424800, 0.0231830800, 0.2484894000, -0.0221933100, 0.9681028000
-0.0834808200, 0.2523783000, 0.0929134900, 0.0231567100, 0.2510997000, -0.0174918700, 0.9675261000
-0.0813972300, 0.2637857000, 0.0938690500, 0.0236819600, 0.2543545000, -0.0130996900, 0.9667323000
-0.0793050100, 0.2763611000, 0.0949187900, 0.0238324900, 0.2580738000, -0.0087346410, 0.9657917000
-0.0768400500, 0.2903188000, 0.0960469200, 0.0226014800, 0.2623621000, -0.0040357120, 0.9646963000
-0.0731741200, 0.3036187000, 0.0975220100, 0.0190089000, 0.2678090000, 0.0010918300, 0.9632839000
-0.0696861400, 0.3174387000, 0.0977193200, 0.0147235200, 0.2747691000, 0.0070230230, 0.9613718000
-0.0670181400, 0.3300278000, 0.0979338300, 0.0104039400, 0.2826860000, 0.0133855000, 0.9590627000
-0.0647900400, 0.3417036000, 0.0980917100, 0.0071544030, 0.2910446000, 0.0198611100, 0.9564766000
-0.0628626600, 0.3526656000, 0.0985971800, 0.0055323580, 0.2995423000, 0.0260910800, 0.9537102000
-0.0602957800, 0.3600586000, 0.0998508500, 0.0056072680, 0.3074113000, 0.0310663500, 0.9510530000
-0.0586331600, 0.3670358000, 0.1030770000, 0.0078704590, 0.3136929000, 0.0356047900, 0.9488240000
-0.0561411600, 0.3705269000, 0.1029809000, 0.0111285000, 0.3174080000, 0.0415362100, 0.9473136000
-0.0548218200, 0.3814322000, 0.1046354000, 0.0159524900, 0.3206690000, 0.0483652700, 0.9458212000
-0.0541863300, 0.3920796000, 0.1058339000, 0.0215591500, 0.3229094000, 0.0561518100, 0.9445167000
-0.0539050200, 0.4017410000, 0.1088332000, 0.0279245000, 0.3241433000, 0.0642665100, 0.9434093000
-0.0537302500, 0.4131588000, 0.1111536000, 0.0352673400, 0.3243297000, 0.0728495900, 0.9424751000
-0.0535793900, 0.4243516000, 0.1135665000, 0.0431587200, 0.3239922000, 0.0817819200, 0.9415297000
-0.0534608800, 0.4362438000, 0.1160393000, 0.0516038400, 0.3230969000, 0.0911811300, 0.9405485000
-0.0535580600, 0.4483699000, 0.1202324000, 0.0600618200, 0.3216019000, 0.1007707000, 0.9395797000
-0.0543259800, 0.4620242000, 0.1240840000, 0.0682817300, 0.3196577000, 0.1102504000, 0.9386168000
-0.0557277400, 0.4775354000, 0.1284732000, 0.0756434200, 0.3174615000, 0.1199119000, 0.9376126000
-0.0578043900, 0.4922241000, 0.1342850000, 0.0812583100, 0.3151776000, 0.1295395000, 0.9366321000
-0.0613636600, 0.5071498000, 0.1394008000, 0.0851979900, 0.3127044000, 0.1387429000, 0.9357926000
-0.0653650400, 0.5218491000, 0.1451672000, 0.0876412200, 0.3100021000, 0.1468314000, 0.9352316000
-0.0701634700, 0.5356669000, 0.1529996000, 0.0886413800, 0.3069450000, 0.1532545000, 0.9351153000
-0.0770109100, 0.5531706000, 0.1605527000, 0.0883925600, 0.3037015000, 0.1578864000, 0.9354272000
-0.0832801000, 0.5709218000, 0.1681582000, 0.0857367400, 0.2998059000, 0.1608536000, 0.9364250000
-0.0908293100, 0.5886395000, 0.1765384000, 0.0806476500, 0.2955355000, 0.1619022000, 0.9380525000
-0.0996668600, 0.6045235000, 0.1854137000, 0.0735293000, 0.2910141000, 0.1600787000, 0.9403611000
-0.1088819000, 0.6208799000, 0.1917783000, 0.0660199500, 0.2856154000, 0.1555293000, 0.9433323000
-0.1182124000, 0.6387604000, 0.1997038000, 0.0581963100, 0.2797843000, 0.1487483000, 0.9466826000
-0.1270328000, 0.6593279000, 0.2066108000, 0.0492043300, 0.2731905000, 0.1404897000, 0.9503729000
-0.1398215000, 0.6770538000, 0.2157954000, 0.0385595400, 0.2667093000, 0.1312778000, 0.9540155000
-0.1503711000, 0.6957831000, 0.2217944000, 0.0275468100, 0.2596351000, 0.1218997000, 0.9575862000
-0.1614633000, 0.7122961000, 0.2270808000, 0.0165660700, 0.2524246000, 0.1120057000, 0.9609693000
-0.1719057000, 0.7247292000, 0.2314621000, 0.0065702870, 0.2446866000, 0.1021724000, 0.9641815000
-0.1826698000, 0.7401959000, 0.2353887000, -0.0013090580, 0.2367309000, 0.0924615600, 0.9671648000
-0.1921035000, 0.7570075000, 0.2415928000, -0.0081905450, 0.2286491000, 0.0838863800, 0.9698533000
-0.2016461000, 0.7748335000, 0.2488692000, -0.0148570200, 0.2205439000, 0.0768221900, 0.9722335000
-0.2112848000, 0.7933668000, 0.2546590000, -0.0215463600, 0.2123641000, 0.0714299100, 0.9743382000
-0.2202970000, 0.8086580000, 0.2580840000, -0.0282323100, 0.2039228000, 0.0674396200, 0.9762532000
-0.2302739000, 0.8224759000, 0.2622672000, -0.0341410800, 0.1955808000, 0.0644309300, 0.9779730000
-0.2395010000, 0.8332401000, 0.2645728000, -0.0392113700, 0.1866575000, 0.0626696400, 0.9796397000
-0.2481940000, 0.8444905000, 0.2669407000, -0.0429812300, 0.1773930000, 0.0620191700, 0.9812431000
-0.2547609000, 0.8529422000, 0.2686244000, -0.0460188900, 0.1675165000, 0.0627902000, 0.9827909000
-0.2621598000, 0.8620985000, 0.2707915000, -0.0482486700, 0.1573392000, 0.0645538500, 0.9842506000
-0.2710038000, 0.8712619000, 0.2735788000, -0.0498791300, 0.1468626000, 0.0671042700, 0.9856168000
-0.2808126000, 0.8817869000, 0.2760020000, -0.0509249800, 0.1359789000, 0.0693774000, 0.9869667000
-0.2911648000, 0.8915514000, 0.2790116000, -0.0517578100, 0.1245697000, 0.0716631800, 0.9882651000
-0.3024572000, 0.9029263000, 0.2830539000, -0.0521396000, 0.1127354000, 0.0735273800, 0.9895281000
-0.3102346000, 0.9167655000, 0.2858783000, -0.0524372600, 0.1000127000, 0.0748219300, 0.9907823000
-0.3182045000, 0.9304150000, 0.2888803000, -0.0531136300, 0.0873663600, 0.0761716800, 0.9918386000
-0.3267763000, 0.9468132000, 0.2922915000, -0.0539459600, 0.0749328800, 0.0776943700, 0.9926925000
-0.3339595000, 0.9621346000, 0.2949548000, -0.0555975000, 0.0625606500, 0.0798737300, 0.9932851000
-0.3406936000, 0.9748622000, 0.2968013000, -0.0579315900, 0.0504400100, 0.0827357600, 0.9936069000
-0.3476029000, 0.9856120000, 0.2985005000, -0.0605690200, 0.0387682300, 0.0861486900, 0.9936835000
-0.3543298000, 0.9968315000, 0.2999679000, -0.0628733200, 0.0273418400, 0.0899749300, 0.9935813000
-0.3593770000, 1.0125960000, 0.3031140000, -0.0649696200, 0.0158522300, 0.0942055400, 0.9933041000
-0.3649192000, 1.0336820000, 0.3065922000, -0.0677255900, 0.0045281340, 0.0985294200, 0.9928166000
-0.3683797000, 1.0546970000, 0.3115153000, -0.0723968500, -0.0069182750, 0.1026423000, 0.9920562000
-0.3722390000, 1.0711750000, 0.3162018000, -0.0795424700, -0.0181076000, 0.1065272000, 0.9909576000
-0.3788206000, 1.0926770000, 0.3165800000, -0.0866433500, -0.0286306300, 0.1098429000, 0.9897513000
-0.3822845000, 1.1044410000, 0.3167961000, -0.0956500900, -0.0396587600, 0.1132738000, 0.9881535000
-0.3870284000, 1.1144150000, 0.3169569000, -0.1042758000, -0.0501016500, 0.1166272000, 0.9864150000
-0.3902753000, 1.1196850000, 0.3166806000, -0.1127672000, -0.0602395600, 0.1201063000, 0.9844944000
-0.3929412000, 1.1290540000, 0.3166572000, -0.1198489000, -0.0702369100, 0.1236995000, 0.9825484000
-0.3948931000, 1.1417880000, 0.3168471000, -0.1262654000, -0.0798639400, 0.1272407000, 0.9805552000
-0.4001856000, 1.1552300000, 0.3225899000, -0.1335309000, -0.0887689600, 0.1312586000, 0.9782948000
-0.4043964000, 1.1708270000, 0.3280936000, -0.1414194000, -0.0970627100, 0.1355987000, 0.9758034000
-0.4120085000, 1.1847660000, 0.3313202000, -0.1503564000, -0.1043703000, 0.1399529000, 0.9730945000
-0.4181584000, 1.1992110000, 0.3337891000, -0.1597716000, -0.1113968000, 0.1437189000, 0.9702622000
-0.4233555000, 1.2128160000, 0.3345860000, -0.1693553000, -0.1179190000, 0.1467951000, 0.9674012000
-0.4282589000, 1.2250540000, 0.3347829000, -0.1787867000, -0.1238581000, 0.1489205000, 0.9646332000
-0.4285042000, 1.2279660000, 0.3349620000, -0.1892750000, -0.1297619000, 0.1503786000, 0.9616252000
-0.4308601000, 1.2390730000, 0.3343115000, -0.1979021000, -0.1351026000, 0.1504509000, 0.9591385000
-0.4324640000, 1.2499120000, 0.3323184000, -0.2058541000, -0.1398903000, 0.1495804000, 0.9569120000
-0.4327296000, 1.2596290000, 0.3294769000, -0.2129048000, -0.1444611000, 0.1477960000, 0.9549654000
-0.4335684000, 1.2681130000, 0.3244597000, -0.2189974000, -0.1484367000, 0.1454540000, 0.9533362000
-0.4342248000, 1.2778790000, 0.3187673000, -0.2242327000, -0.1521533000, 0.1424067000, 0.9519923000
-0.4342855000, 1.2918630000, 0.3157606000, -0.2285020000, -0.1561923000, 0.1389521000, 0.9508328000
-0.4343750000, 1.3011030000, 0.3081774000, -0.2320379000, -0.1594968000, 0.1347463000, 0.9500329000
-0.4347466000, 1.3104100000, 0.3030288000, -0.2349186000, -0.1629545000, 0.1293346000, 0.9494902000
-0.4345613000, 1.3183150000, 0.3004603000, -0.2377692000, -0.1664087000, 0.1227186000, 0.9490596000
-0.4334821000, 1.3268650000, 0.2992998000, -0.2406753000, -0.1696300000, 0.1147311000, 0.9487559000
-0.4310198000, 1.3358950000, 0.2980393000, -0.2438257000, -0.1726085000, 0.1059561000, 0.9484348000
-0.4253599000, 1.3429980000, 0.2978016000, -0.2476169000, -0.1748666000, 0.0975347200, 0.9479423000
-0.4189166000, 1.3479800000, 0.2975578000, -0.2520480000, -0.1762024000, 0.0896975900, 0.9473009000
-0.4115262000, 1.3556800000, 0.2958870000, -0.2561634000, -0.1764934000, 0.0822594500, 0.9468177000
-0.4045753000, 1.3597110000, 0.2955494000, -0.2612814000, -0.1755543000, 0.0756231200, 0.9461468000
-0.3975685000, 1.3652610000, 0.2931894000, -0.2661124000, -0.1740606000, 0.0692754200, 0.9455623000
-0.3910677000, 1.3711580000, 0.2879134000, -0.2708130000, -0.1719067000, 0.0630952400, 0.9450542000
-0.3832699000, 1.3746880000, 0.2854937000, -0.2760167000, -0.1698038000, 0.0577211900, 0.9442720000
-0.3740032000, 1.3789170000, 0.2820083000, -0.2804819000, -0.1676490000, 0.0529106900, 0.9436229000
-0.3642037000, 1.3807960000, 0.2762860000, -0.2842957000, -0.1650833000, 0.0493256200, 0.9431280000
-0.3484359000, 1.3802150000, 0.2677536000, -0.2872497000, -0.1631295000, 0.0474633800, 0.9426683000
-0.3340547000, 1.3815820000, 0.2627569000, -0.2886978000, -0.1603560000, 0.0471322600, 0.9427184000
-0.3229525000, 1.3828270000, 0.2592396000, -0.2897281000, -0.1561482000, 0.0482004700, 0.9430547000
-0.3143790000, 1.3830490000, 0.2561437000, -0.2903627000, -0.1510260000, 0.0502886700, 0.9435845000
-0.3012340000, 1.3832090000, 0.2534557000, -0.2908308000, -0.1461980000, 0.0535689800, 0.9440201000
-0.2924628000, 1.3833680000, 0.2511165000, -0.2564760000, -0.1435615000, 0.0523096600, 0.9543971000
-0.2795788000, 1.3835070000, 0.2483345000, -0.2219084000, -0.1416171000, 0.0522245500, 0.9633140000
-0.2667894000, 1.3836180000, 0.2459590000, -0.2227453000, -0.1362076000, 0.0581495600, 0.9635614000
-0.2547559000, 1.3836190000, 0.2427768000, -0.2235086000, -0.1305019000, 0.0646774500, 0.9637583000
-0.2432162000, 1.3829590000, 0.2384035000, -0.2240859000, -0.1245632000, 0.0716222000, 0.9639189000
-0.2328977000, 1.3817180000, 0.2327744000, -0.2240546000, -0.1184256000, 0.0785893900, 0.9641569000
-0.2229081000, 1.3798490000, 0.2263495000, -0.2231450000, -0.1120868000, 0.0854437300, 0.9645425000
-0.2141434000, 1.3756880000, 0.2184718000, -0.2212086000, -0.1051851000, 0.0919961600, 0.9651629000
-0.2039480000, 1.3722410000, 0.2118327000, -0.2181818000, -0.0979735800, 0.0982287600, 0.9659964000
-0.1925334000, 1.3684640000, 0.2062569000, -0.2144089000, -0.0905482000, 0.1043496000, 0.9669235000
-0.1810772000, 1.3629500000, 0.2020770000, -0.2102782000, -0.0827016200, 0.1103539000, 0.9678665000
-0.1721501000, 1.3571430000, 0.1978629000, -0.2056267000, -0.0742446500, 0.1159325000, 0.9688989000
-0.1584393000, 1.3515300000, 0.1924058000, -0.2003439000, -0.0667085000, 0.1211159000, 0.9699192000
-0.1491577000, 1.3421670000, 0.1877495000, -0.1952043000, -0.0578881100, 0.1257661000, 0.9709414000
-0.1391177000, 1.3363540000, 0.1845978000, -0.1894366000, -0.0489804700, 0.1293860000, 0.9720977000
-0.1261059000, 1.3286720000, 0.1816912000, -0.1840295000, -0.0406457500, 0.1325372000, 0.9730955000
-0.1149979000, 1.3176860000, 0.1769157000, -0.1790266000, -0.0320341000, 0.1352078000, 0.9739826000
-0.1021767000, 1.3072410000, 0.1723914000, -0.1741762000, -0.0237858600, 0.1375184000, 0.9747747000
-0.0903296500, 1.2988660000, 0.1687201000, -0.1692827000, -0.0154923500, 0.1395954000, 0.9755083000
-0.0786911600, 1.2877570000, 0.1638858000, -0.1647870000, -0.0075298680, 0.1417903000, 0.9760554000
-0.0707462500, 1.2789650000, 0.1589102000, -0.1598565000, 0.0000000000, 0.1434594000, 0.9766604000
-0.0619042900, 1.2654660000, 0.1514335000, -0.1550547000, 0.0071042400, 0.1445210000, 0.9772519000
-0.0525610100, 1.2574280000, 0.1449081000, -0.1491628000, 0.0125904100, 0.1444970000, 0.9781168000
-0.0448967300, 1.2469690000, 0.1387649000, -0.1431287000, 0.0176242600, 0.1434789000, 0.9790901000
-0.0351492200, 1.2358550000, 0.1328410000, -0.1368763000, 0.0214764000, 0.1418329000, 0.9801465000
-0.0279683600, 1.2246660000, 0.1293118000, -0.1306309000, 0.0250619000, 0.1396346000, 0.9812286000
-0.0176526500, 1.2143060000, 0.1258592000, -0.1244315000, 0.0278205200, 0.1379683000, 0.9821953000
-0.0072322680, 1.2036550000, 0.1225504000, -0.1183920000, 0.0305251500, 0.1368532000, 0.9830171000
0.0038188310, 1.1907060000, 0.1154047000, -0.1124251000, 0.0329189500, 0.1364994000, 0.9836894000
0.0121530000, 1.1796080000, 0.1110988000, -0.1059643000, 0.0355677400, 0.1366434000, 0.9842942000
0.0218619300, 1.1676170000, 0.1052374000, -0.0988674600, 0.0381053000, 0.1377282000, 0.9847864000
0.0331140600, 1.1545940000, 0.1005046000, -0.0915036500, 0.0405569300, 0.1396610000, 0.9851279000
0.0379346000, 1.1410690000, 0.0976628700, -0.0839240300, 0.0443004300, 0.1422496000, 0.9852712000
0.0453540300, 1.1261730000, 0.0927365000, -0.0764337600, 0.0473300800, 0.1458716000, 0.9852102000
0.0511592200, 1.1166840000, 0.0902213800, -0.0685419100, 0.0501376200, 0.1497641000, 0.9850680000
0.0528710100, 1.1064330000, 0.0886405600, -0.0607181700, 0.0531262600, 0.1535731000, 0.9848382000
0.0559643700, 1.0992930000, 0.0883724800, -0.0524856900, 0.0554829400, 0.1572260000, 0.9846049000
0.0569226100, 1.0912630000, 0.0864917500, -0.0440841200, 0.0577749900, 0.1602165000, 0.9844030000
0.0569298200, 1.0810880000, 0.0859132300, -0.0357743100, 0.0594241700, 0.1627633000, 0.9842241000
0.0554938400, 1.0680850000, 0.0869227800, -0.0277717300, 0.0604414500, 0.1643709000, 0.9841533000
0.0545840700, 1.0536450000, 0.0895496100, -0.0199315100, 0.0607522700, 0.1653173000, 0.9841657000
0.0534535900, 1.0404370000, 0.0935882900, -0.0119048300, 0.0606651400, 0.1658709000, 0.9842077000
0.0529855500, 1.0288390000, 0.0991489500, -0.0038057760, 0.0598242900, 0.1661991000, 0.9842685000
0.0519927500, 1.0213170000, 0.1078299000, 0.0041305970, 0.0586534800, 0.1662653000, 0.9843264000
0.0506154000, 1.0154790000, 0.1167780000, 0.0112039000, 0.0571321700, 0.1663003000, 0.9843549000
0.0463470800, 1.0111860000, 0.1292381000, 0.0165417700, 0.0560486200, 0.1657923000, 0.9844276000
0.0436614100, 1.0061140000, 0.1395631000, 0.0197463600, 0.0548572600, 0.1647010000, 0.9846188000
0.0424638800, 1.0009570000, 0.1493795000, 0.0214770900, 0.0539017500, 0.1634172000, 0.9848493000
0.0422060300, 0.9908931000, 0.1574396000, 0.0217093000, 0.0536683400, 0.1618662000, 0.9851130000
0.0428048200, 0.9810240000, 0.1624331000, 0.0220549000, 0.0538652500, 0.1607144000, 0.9852832000
0.0450973800, 0.9729185000, 0.1686380000, 0.0231772900, 0.0550435600, 0.1605021000, 0.9852269000
0.0474001500, 0.9636989000, 0.1746403000, 0.0251441100, 0.0571633200, 0.1605206000, 0.9850550000
0.0480297000, 0.9539005000, 0.1828945000, 0.0275200200, 0.0604499500, 0.1603634000, 0.9848208000
0.0482414800, 0.9425226000, 0.1926804000, 0.0298927700, 0.0643192400, 0.1592441000, 0.9846882000
0.0470811900, 0.9323493000, 0.2031415000, 0.0322138400, 0.0684735000, 0.1565024000, 0.9847744000
0.0463072900, 0.9203290000, 0.2131214000, 0.0343050200, 0.0723990100, 0.1519678000, 0.9851332000
0.0461256800, 0.9076532000, 0.2230185000, 0.0365824200, 0.0758789500, 0.1457986000, 0.9857215000
0.0460741000, 0.8961580000, 0.2328503000, 0.0392474600, 0.0787910700, 0.1388479000, 0.9863939000
0.0465353600, 0.8845805000, 0.2427819000, 0.0425197400, 0.0815282500, 0.1316942000, 0.9870166000
0.0476619000, 0.8721148000, 0.2527616000, 0.0465361700, 0.0842745000, 0.1250645000, 0.9874670000
0.0504470900, 0.8626644000, 0.2612636000, 0.0517419800, 0.0866841900, 0.1191142000, 0.9877350000
0.0515242700, 0.8523764000, 0.2728972000, 0.0575786400, 0.0894999400, 0.1142971000, 0.9877300000
0.0529504000, 0.8421561000, 0.2854463000, 0.0632753000, 0.0919959200, 0.1100139000, 0.9876386000
0.0531434000, 0.8319184000, 0.3006361000, 0.0684526100, 0.0945716400, 0.1066034000, 0.9874240000
0.0544892400, 0.8292957000, 0.3146307000, 0.0737639100, 0.0954609400, 0.1038904000, 0.9872451000
0.0545499400, 0.8179605000, 0.3272880000, 0.0760222700, 0.0968463100, 0.1014545000, 0.9871922000
0.0539170200, 0.8087616000, 0.3423572000, 0.0777543800, 0.0978634000, 0.1005121000, 0.9870533000
0.0538611400, 0.8014029000, 0.3557165000, 0.0793824100, 0.0983686000, 0.0996798100, 0.9869580000
0.0541901800, 0.7933821000, 0.3673185000, 0.0811803300, 0.0986297100, 0.1000040000, 0.9867528000
0.0549210500, 0.7831693000, 0.3784671000, 0.0840566500, 0.0986605300, 0.1010341000, 0.9864039000
0.0550673400, 0.7748012000, 0.3921076000, 0.0876133200, 0.0980223900, 0.1028789000, 0.9859673000
0.0551649700, 0.7674411000, 0.4055121000, 0.0917220900, 0.0970889600, 0.1047696000, 0.9854867000
0.0547366700, 0.7593985000, 0.4213116000, 0.0957704400, 0.0960097500, 0.1066623000, 0.9850042000
0.0545713200, 0.7512901000, 0.4365807000, 0.0994553900, 0.0939347500, 0.1086033000, 0.9846269000
0.0538320100, 0.7446551000, 0.4531337000, 0.1030957000, 0.0915314100, 0.1110857000, 0.9842018000
0.0528557500, 0.7367224000, 0.4686346000, 0.1058383000, 0.0886455800, 0.1141222000, 0.9838274000
0.0503769600, 0.7296792000, 0.4842566000, 0.1083066000, 0.0850584900, 0.1175726000, 0.9834691000
0.0475979100, 0.7225250000, 0.5012507000, 0.1104879000, 0.0810078800, 0.1208382000, 0.9831725000
0.0438111800, 0.7163306000, 0.5181414000, 0.1124503000, 0.0766788100, 0.1235154000, 0.9829646000
0.0401171900, 0.7090062000, 0.5353824000, 0.1136663000, 0.0720308900, 0.1254765000, 0.9829279000
0.0369902300, 0.7029564000, 0.5526102000, 0.1147951000, 0.0669072300, 0.1268304000, 0.9829850000
0.0317501700, 0.6966739000, 0.5697113000, 0.1154177000, 0.0618924200, 0.1273557000, 0.9831727000
0.0261118700, 0.6910484000, 0.5868709000, 0.1158817000, 0.0567268500, 0.1271580000, 0.9834553000
0.0215239100, 0.6861158000, 0.6038943000, 0.1160670000, 0.0512164600, 0.1258527000, 0.9839036000
0.0163501400, 0.6817786000, 0.6212270000, 0.1158487000, 0.0456901900, 0.1229103000, 0.9845733000
0.0118059200, 0.6790777000, 0.6380888000, 0.1151660000, 0.0399196000, 0.1180083000, 0.9855036000
0.0075895750, 0.6760120000, 0.6555041000, 0.1134920000, 0.0341561400, 0.1111623000, 0.9867096000
0.0030447200, 0.6743658000, 0.6738299000, 0.1110128000, 0.0283917800, 0.1026645000, 0.9880942000
-0.0000452417, 0.6737527000, 0.6920378000, 0.1075132000, 0.0223031500, 0.0934425700, 0.9895514000
-0.0008390553, 0.6723747000, 0.7091432000, 0.1026541000, 0.0161797300, 0.0842608800, 0.9910098000
-0.0012067090, 0.6717467000, 0.7254089000, 0.0973104800, 0.0107011900, 0.0761338200, 0.9922801000
-0.0014535900, 0.6703417000, 0.7417021000, 0.0912549700, 0.0059200950, 0.0695423800, 0.9933788000
-0.0015973310, 0.6700497000, 0.7584462000, 0.0851535600, 0.0022574760, 0.0648543800, 0.9942523000
-0.0021085590, 0.6703032000, 0.7746449000, 0.0782200200, 0.0000000000, 0.0615606000, 0.9950337000
-0.0046190640, 0.6722558000, 0.7890795000, 0.0709736800, -0.0021458000, 0.0589539000, 0.9957322000
-0.0071337270, 0.6750718000, 0.8029385000, 0.0635694600, -0.0043382220, 0.0565496600, 0.9963645000
-0.0099607000, 0.6772141000, 0.8151721000, 0.0561813900, -0.0064823820, 0.0543902400, 0.9969169000
-0.0132081600, 0.6799883000, 0.8264480000, 0.0500087700, -0.0085405610, 0.0527421500, 0.9973186000
-0.0147117200, 0.6834420000, 0.8383147000, 0.0450456000, -0.0107276100, 0.0520396200, 0.9975709000
-0.0160426100, 0.6885713000, 0.8503642000, 0.0411165000, -0.0125090800, 0.0529249100, 0.9976733000
-0.0165067800, 0.6948354000, 0.8603565000, 0.0368423900, -0.0138031200, 0.0546597000, 0.9977296000
-0.0186705900, 0.7032270000, 0.8706842000, 0.0001220703, -0.0109917500, 0.0549026100, 0.9984312000
-0.0194845700, 0.7121665000, 0.8793541000, -0.0366615600, -0.0079129440, 0.0553348900, 0.9977632000
-0.0205002700, 0.7193477000, 0.8861350000, -0.0417141200, -0.0073718750, 0.0581448200, 0.9974090000
-0.0208749000, 0.7255257000, 0.8919445000, -0.0461233600, -0.0063769320, 0.0607541100, 0.9970661000
-0.0211306000, 0.7289972000, 0.8964621000, -0.0496241000, -0.0048614030, 0.0636437200, 0.9967263000
-0.0210683000, 0.7327896000, 0.9000466000, -0.0508895600, -0.0026181170, 0.0667549400, 0.9964674000
-0.0210488700, 0.7333307000, 0.9006178000, -0.0500570200, 0.0000000000, 0.0698025500, 0.9963043000
-0.0210333500, 0.7335267000, 0.9009338000, -0.0470257600, 0.0030149140, 0.0729888600, 0.9962189000
-0.0210141900, 0.7337184000, 0.9012306000, -0.0431999600, 0.0057670960, 0.0755338100, 0.9961903000
-0.0209910500, 0.7338532000, 0.9015152000, -0.0393165000, 0.0081495070, 0.0776024500, 0.9961755000
-0.0209467400, 0.7455868000, 0.9032996000, -0.0371077700, 0.0098499470, 0.0791012800, 0.9961270000
-0.0209681700, 0.7597884000, 0.9047598000, -0.0358820300, 0.0109998800, 0.0806329600, 0.9960370000
-0.0189935700, 0.7731181000, 0.9058810000, -0.0360841200, 0.0108998600, 0.0826922500, 0.9958620000
-0.0192118600, 0.7882994000, 0.9061500000, -0.0363716300, 0.0112145400, 0.0859616000, 0.9955711000
-0.0192177000, 0.8026267000, 0.9063923000, -0.0373525200, 0.0105744200, 0.0894628000, 0.9952333000
-0.0193138500, 0.8172065000, 0.9065448000, -0.0387136200, 0.0092483870, 0.0925468500, 0.9949124000
-0.0209227900, 0.8336674000, 0.9063594000, -0.0402961500, 0.0073607490, 0.0946873900, 0.9946640000
-0.0233898300, 0.8498049000, 0.9055889000, -0.0426680700, 0.0046032000, 0.0952536500, 0.9945275000
-0.0245731800, 0.8653801000, 0.9041905000, -0.0459651100, 0.0008097229, 0.0946777800, 0.9944459000
-0.0248338600, 0.8810027000, 0.9021932000, -0.0498076800, -0.0030953910, 0.0937597800, 0.9943433000
-0.0241960000, 0.8952185000, 0.8993115000, -0.0541183300, -0.0070979450, 0.0935959400, 0.9941130000
-0.0222203800, 0.9095303000, 0.8953506000, -0.0581873500, -0.0101487300, 0.0956567200, 0.9936604000
-0.0147378300, 0.9225168000, 0.8918025000, -0.0619944100, -0.0125969200, 0.0998432900, 0.9929901000
-0.0101553600, 0.9366241000, 0.8879809000, -0.0650695500, -0.0127380800, 0.1063073000, 0.9921202000
-0.0064351190, 0.9521558000, 0.8842015000, -0.0682155700, -0.0116326000, 0.1135747000, 0.9911166000
-0.0061699640, 0.9687281000, 0.8791844000, -0.0718519400, -0.0089503430, 0.1207641000, 0.9900370000
-0.0060585680, 0.9842916000, 0.8738152000, -0.0766795900, -0.0061557820, 0.1269948000, 0.9889159000
-0.0059815900, 0.9999294000, 0.8673449000, -0.0821340900, -0.0030615080, 0.1319243000, 0.9878464000
-0.0062179780, 1.0152660000, 0.8594840000, -0.0873474300, 0.0000000000, 0.1358560000, 0.9868707000
-0.0062373000, 1.0277790000, 0.8512289000, -0.0923663400, 0.0032891100, 0.1383399000, 0.9860628000
-0.0071550550, 1.0406120000, 0.8424906000, -0.0962959900, 0.0068815620, 0.1395534000, 0.9854971000
-0.0080446870, 1.0526900000, 0.8331842000, -0.0992418900, 0.0100261300, 0.1392193000, 0.9852251000
-0.0110966500, 1.0645030000, 0.8259257000, -0.1017774000, 0.0132112600, 0.1378296000, 0.9851242000
-0.0145437000, 1.0774690000, 0.8171698000, -0.1035997000, 0.0160832000, 0.1348337000, 0.9853062000
-0.0170983600, 1.0894810000, 0.8076737000, -0.1052670000, 0.0182481900, 0.1306695000, 0.9856527000
-0.0175679800, 1.1016370000, 0.7972006000, -0.1067064000, 0.0197055700, 0.1258739000, 0.9860939000
-0.0180557600, 1.1125320000, 0.7873472000, -0.1083070000, 0.0210170200, 0.1210223000, 0.9864997000
-0.0179164800, 1.1235620000, 0.7767046000, -0.1098179000, 0.0218836400, 0.1163682000, 0.9868736000
-0.0169957500, 1.1334890000, 0.7649824000, -0.1113274000, 0.0228307400, 0.1120528000, 0.9871824000
-0.0157520700, 1.1461470000, 0.7520990000, -0.1120692000, 0.0240221200, 0.1081761000, 0.9875026000
-0.0128060400, 1.1566150000, 0.7398570000, -0.1132256000, 0.0251340400, 0.1050961000, 0.9876756000
-0.0085303010, 1.1654430000, 0.7285700000, -0.1148151000, 0.0263556000, 0.1028084000, 0.9877010000
-0.0046758970, 1.1731020000, 0.7158899000, -0.1163019000, 0.0279876600, 0.1011300000, 0.9876555000
-0.0005111311, 1.1824820000, 0.7022673000, -0.1173993000, 0.0297017400, 0.1005949000, 0.9875302000
0.0061464820, 1.1874320000, 0.6911829000, -0.1191235000, 0.0313675600, 0.1011080000, 0.9872198000
0.0125009400, 1.1921340000, 0.6789201000, -0.1206685000, 0.0332990300, 0.1027694000, 0.9867972000
0.0189162400, 1.1987010000, 0.6659459000, -0.1218773000, 0.0354485500, 0.1056481000, 0.9862697000
0.0234198700, 1.2026030000, 0.6550686000, -0.1239181000, 0.0380248500, 0.1097896000, 0.9854667000
0.0258607600, 1.2091100000, 0.6419668000, -0.1254513000, 0.0408291900, 0.1144833000, 0.9846261000
0.0301319200, 1.2147380000, 0.6283643000, -0.1273224000, 0.0430223000, 0.1193951000, 0.9837087000
0.0315836000, 1.2194610000, 0.6157958000, -0.1291518000, 0.0459266800, 0.1244745000, 0.9827088000
0.0346424400, 1.2247260000, 0.6042078000, -0.1314446000, 0.0484316200, 0.1299748000, 0.9815719000
0.0372432800, 1.2318980000, 0.5913700000, -0.1340110000, 0.0510199900, 0.1356141000, 0.9803300000
0.0390864000, 1.2372540000, 0.5808518000, -0.1381680000, 0.0535906700, 0.1416953000, 0.9787544000
0.0424809800, 1.2410560000, 0.5696706000, -0.1437798000, 0.0553474100, 0.1476546000, 0.9769658000
0.0425997300, 1.2470030000, 0.5520543000, -0.1490835000, 0.0564729200, 0.1523482000, 0.9753845000
0.0421616000, 1.2472660000, 0.5360635000, -0.1547068000, 0.0579468900, 0.1557049000, 0.9738911000
0.0423330500, 1.2476840000, 0.5202779000, -0.1589226000, 0.0593962100, 0.1583728000, 0.9726940000
0.0435716000, 1.2479410000, 0.5049703000, -0.1621541000, 0.0608814000, 0.1597572000, 0.9718421000
0.0429634600, 1.2480880000, 0.4913024000, -0.1649272000, 0.0624128000, 0.1600444000, 0.9712309000
0.0429061400, 1.2499480000, 0.4758552000, -0.1666467000, 0.0631043300, 0.1584661000, 0.9711515000
0.0428092200, 1.2501300000, 0.4614025000, -0.1684064000, 0.0637664000, 0.1556343000, 0.9712626000
0.0427602900, 1.2499080000, 0.4455274000, -0.1690759000, 0.0643449500, 0.1517551000, 0.9717219000
0.0425035500, 1.2480530000, 0.4291374000, -0.1686986000, 0.0654302500, 0.1473733000, 0.9723892000
0.0522626700, 1.2441400000, 0.4150981000, -0.1677079000, 0.0657545600, 0.1433844000, 0.9731348000
0.0561183100, 1.2399920000, 0.4008505000, -0.1654571000, 0.0666337300, 0.1391332000, 0.9740769000
0.0587667500, 1.2359290000, 0.3879957000, -0.1625163000, 0.0676073400, 0.1352206000, 0.9750554000
0.0615268800, 1.2305770000, 0.3771013000, -0.1596927000, 0.0685571300, 0.1321454000, 0.9758769000
0.0689114300, 1.2251910000, 0.3665578000, -0.1569979000, 0.0691813500, 0.1309021000, 0.9764376000
0.0743091100, 1.2180320000, 0.3557952000, -0.1547017000, 0.0703245800, 0.1317617000, 0.9766067000
0.0770789200, 1.2099790000, 0.3449091000, -0.1526983000, 0.0718998300, 0.1347661000, 0.9763973000
0.0801294600, 1.2030850000, 0.3342288000, -0.1506846000, 0.0729971300, 0.1394152000, 0.9759759000
0.0827739800, 1.1963460000, 0.3233798000, -0.1486392000, 0.0738529400, 0.1451925000, 0.9753826000
0.0826111400, 1.1892990000, 0.3125905000, -0.1465313000, 0.0747905600, 0.1514510000, 0.9746782000
0.0819662100, 1.1827250000, 0.3012463000, -0.1444824000, 0.0749041400, 0.1576858000, 0.9739863000
0.0801535800, 1.1768450000, 0.2905604000, -0.1425776000, 0.0743285900, 0.1634188000, 0.9733659000
0.0765144500, 1.1700010000, 0.2799693000, -0.1410648000, 0.0731234800, 0.1684540000, 0.9728190000
0.0709602800, 1.1633980000, 0.2692940000, -0.1397395000, 0.0709138100, 0.1727003000, 0.9724293000
0.0668355500, 1.1562400000, 0.2579556000, -0.1385230000, 0.0676201200, 0.1759997000, 0.9722463000
0.0635989500, 1.1498750000, 0.2465637000, -0.1369394000, 0.0636683000, 0.1782268000, 0.9723318000
0.0601740700, 1.1429310000, 0.2347705000, -0.1350018000, 0.0588843400, 0.1790377000, 0.9727552000
0.0543094600, 1.1356710000, 0.2241463000, -0.1325861000, 0.0544415800, 0.1782988000, 0.9734817000
0.0483810800, 1.1244480000, 0.2116850000, -0.1303682000, 0.0497163500, 0.1760211000, 0.9744480000
0.0439460000, 1.1163110000, 0.2039926000, -0.1283544000, 0.0445571700, 0.1721021000, 0.9756643000
0.0374219600, 1.1056370000, 0.1942414000, -0.1262664000, 0.0400193300, 0.1665172000, 0.9771014000
0.0353422000, 1.0943940000, 0.1820836000, -0.1232512000, 0.0356466200, 0.1597054000, 0.9787914000
0.0361041400, 1.0832900000, 0.1698911000, -0.1190744000, 0.0315522800, 0.1519229000, 0.9806861000
0.0374249600, 1.0717160000, 0.1542431000, -0.1131612000, 0.0289381300, 0.1430571000, 0.9827979000
0.0379553100, 1.0600370000, 0.1431964000, -0.1061735000, 0.0272586000, 0.1339916000, 0.9849012000
0.0381299400, 1.0468920000, 0.1352039000, -0.0987910200, 0.0264340700, 0.1247822000, 0.9868997000
0.0377696700, 1.0322210000, 0.1289512000, -0.0913717300, 0.0262215400, 0.1157290000, 0.9887216000
0.0375953200, 1.0168660000, 0.1216447000, -0.0834551200, 0.0258281900, 0.1076529000, 0.9903429000
0.0370520500, 1.0026390000, 0.1151460000, -0.0749451100, 0.0257076100, 0.1005765000, 0.9917695000
0.0347049700, 0.9861181000, 0.1102632000, -0.0661797900, 0.0259665700, 0.0946575600, 0.9929683000
0.0315357000, 0.9765505000, 0.1059564000, -0.0564141800, 0.0257952800, 0.0893976500, 0.9940624000
0.0288626300, 0.9682983000, 0.1026966000, -0.0470200500, 0.0248778000, 0.0851191700, 0.9949497000
0.0278639300, 0.9594927000, 0.1002669000, -0.0384073600, 0.0231879000, 0.0820048200, 0.9956216000
0.0273131400, 0.9515013000, 0.0973205900, -0.0303486500, 0.0215332200, 0.0802670600, 0.9960786000
0.0267986600, 0.9461693000, 0.0953379100, -0.0228372600, 0.0202725000, 0.0793712400, 0.9963773000
0.0236494100, 0.9421239000, 0.0938770000, -0.0165907900, 0.0195697400, 0.0784175200, 0.9965904000
0.0223337900, 0.9353611000, 0.0917105700, -0.0120163300, 0.0183909400, 0.0774396400, 0.9967550000
0.0213302500, 0.9229327000, 0.0883406500, -0.0143249400, 0.0178757000, 0.0756850700, 0.9968686000
0.0196560400, 0.9083309000, 0.0855478000, -0.0169387700, 0.0181429500, 0.0754106100, 0.9968436000
0.0179350900, 0.8966815000, 0.0819377000, -0.0134576600, 0.0191436400, 0.0778419200, 0.9966910000
0.0158026500, 0.8831002000, 0.0803396100, -0.0102735100, 0.0217675700, 0.0813450100, 0.9963953000
0.0129969200, 0.8707945000, 0.0786741600, -0.0074452880, 0.0253647900, 0.0847044000, 0.9960554000
0.0111966500, 0.8582799000, 0.0769922000, -0.0059639810, 0.0292986600, 0.0873444500, 0.9957294000
0.0099537720, 0.8414244000, 0.0745959700, -0.0061871710, 0.0338830400, 0.0881025500, 0.9955157000
0.0092561840, 0.8247594000, 0.0725348700, -0.0076729710, 0.0382872900, 0.0871282800, 0.9954315000
0.0076602010, 0.8069403000, 0.0701986900, -0.0099814410, 0.0428767500, 0.0847363200, 0.9954304000
0.0073679220, 0.7877696000, 0.0671051500, -0.0127076300, 0.0474822100, 0.0812165800, 0.9954837000
0.0071887710, 0.7656305000, 0.0637928900, -0.0151539400, 0.0523694500, 0.0767781500, 0.9955566000
0.0066939700, 0.7445754000, 0.0608397600, -0.0164695400, 0.0574186100, 0.0713003500, 0.9956647000
0.0065060300, 0.7219319000, 0.0579689600, -0.0173537500, 0.0621527300, 0.0643734300, 0.9958373000
0.0063785510, 0.6966425000, 0.0549382800, -0.0178335500, 0.0663205900, 0.0566119400, 0.9960315000
0.0063254010, 0.6748521000, 0.0520281800, -0.0163008400, 0.0700602800, 0.0491252200, 0.9961991000
0.0066183260, 0.6514682000, 0.0485343700, -0.0138284700, 0.0740248500, 0.0424390600, 0.9962570000
0.0068581690, 0.6288177000, 0.0454992700, -0.0098733680, 0.0785152200, 0.0368551300, 0.9961825000
0.0076876120, 0.6076469000, 0.0423063700, -0.0047246100, 0.0828872700, 0.0321937200, 0.9960276000
0.0081728280, 0.5864667000, 0.0399718800, 0.0005593965, 0.0869590600, 0.0288711100, 0.9957933000
0.0089004770, 0.5660270000, 0.0369086500, 0.0070420920, 0.0903573500, 0.0266144100, 0.9955288000
0.0095794460, 0.5433150000, 0.0339150800, 0.0130404000, 0.0932160100, 0.0254014800, 0.9952364000
0.0106530900, 0.5204439000, 0.0308290600, 0.0191050800, 0.0954492200, 0.0249683800, 0.9949377000
0.0109128000, 0.4976863000, 0.0279741700, 0.0256490000, 0.0974672400, 0.0253301000, 0.9945857000
0.0109677600, 0.4747577000, 0.0253179200, 0.0324199500, 0.0989025700, 0.0259935300, 0.9942291000
0.0109902800, 0.4515256000, 0.0231057300, 0.0393041800, 0.0996834700, 0.0273306700, 0.9938669000
0.0111814600, 0.4288031000, 0.0207961900, 0.0466851500, 0.0998836500, 0.0298368900, 0.9934554000
0.0112573600, 0.4077676000, 0.0186017200, 0.0546663800, 0.0997551200, 0.0336703900, 0.9929385000
0.0114210500, 0.3871149000, 0.0169312900, 0.0622726100, 0.0992976500, 0.0381379400, 0.9923747000
0.0114717400, 0.3673651000, 0.0151746700, 0.0692992900, 0.0985162600, 0.0428965600, 0.9917924000
0.0114255600, 0.3481978000, 0.0135778700, 0.0753707800, 0.0972757200, 0.0470235400, 0.9912847000
0.0111705200, 0.3290651000, 0.0123808700, 0.0804607300, 0.0959484300, 0.0501576800, 0.9908603000
0.0110128400, 0.3104137000, 0.0108923100, 0.0850968400, 0.0943355600, 0.0520616700, 0.9905296000
0.0108152000, 0.2931156000, 0.0092767810, 0.0894893600, 0.0925487800, 0.0529153300, 0.9902658000
0.0107640000, 0.2768173000, 0.0078089820, 0.0926250700, 0.0908249100, 0.0522150000, 0.9901742000
0.0114779500, 0.2631162000, 0.0056835590, 0.0946877700, 0.0894469800, 0.0500583500, 0.9902159000
0.0118834500, 0.2506630000, 0.0042278290, 0.0954127700, 0.0888140200, 0.0463063400, 0.9903859000
0.0126953700, 0.2380325000, 0.0032178530, 0.0944124500, 0.0884023400, 0.0420156000, 0.9907099000
0.0134794800, 0.2256774000, 0.0020728160, 0.0921845100, 0.0881640100, 0.0376669500, 0.9911157000
0.0148997300, 0.2147113000, 0.0010959320, 0.0890798900, 0.0880286100, 0.0332414700, 0.9915698000
0.0156138300, 0.2035588000, 0.0005791927, 0.0861416000, 0.0878924100, 0.0278582500, 0.9920073000
0.0164333700, 0.1929668000, -0.0004668834, 0.0842337300, 0.0869921200, 0.0215581200, 0.9924073000
0.0172587900, 0.1828974000, -0.0015576800, 0.0834320000, 0.0855456900, 0.0141617300, 0.9927338000
0.0178752500, 0.1732959000, -0.0021710890, 0.0832094300, 0.0837940400, 0.0062910640, 0.9929830000
0.0190501700, 0.1658576000, -0.0024535770, 0.0829464000, 0.0820709300, -0.0013647880, 0.9931679000
0.0201481100, 0.1588113000, -0.0032802750, 0.0814002200, 0.0803061300, -0.0088043080, 0.9934019000
0.0211544800, 0.1521302000, -0.0041510320, 0.0793186600, 0.0780704300, -0.0156269100, 0.9936646000
0.0229757200, 0.1463630000, -0.0054763350, 0.0772926800, 0.0753385500, -0.0216202300, 0.9939228000
0.0238393400, 0.1399250000, -0.0068228600, 0.0760885900, 0.0723074700, -0.0274302600, 0.9940975000
0.0240558300, 0.1332558000, -0.0074549110, 0.0764076300, 0.0691273700, -0.0330902900, 0.9941269000
0.0254192700, 0.1275162000, -0.0087790400, 0.0782132600, 0.0655734600, -0.0385189400, 0.9940317000
0.0268479800, 0.1221164000, -0.0098793370, 0.0808862100, 0.0624628000, -0.0434854800, 0.9938133000
0.0286258200, 0.1168360000, -0.0109237900, 0.0837865800, 0.0602346200, -0.0475649900, 0.9935237000
0.0307637200, 0.1118399000, -0.0113416200, 0.0863833600, 0.0589966000, -0.0500531500, 0.9932532000
0.0324633400, 0.1068325000, -0.0117461800, 0.0887104300, 0.0588176300, -0.0510245200, 0.9930093000
0.0327549900, 0.1011709000, -0.0121821800, 0.0909869400, 0.0598505700, -0.0507101900, 0.9927577000
0.0349201700, 0.0964542600, -0.0125330900, 0.0940635500, 0.0614775200, -0.0492796800, 0.9924435000
0.0369042700, 0.0913755200, -0.0133402500, 0.0978522100, 0.0634928800, -0.0475389800, 0.9920351000
0.0382635100, 0.0862688600, -0.0136783800, 0.1023569000, 0.0657069500, -0.0453898000, 0.9915369000
0.0413229600, 0.0824330700, -0.0144243800, 0.1072774000, 0.0678199200, -0.0431304000, 0.9909751000
0.0435302000, 0.0783924200, -0.0145982500, 0.1115658000, 0.0702255600, -0.0408591100, 0.9904302000
0.0458131500, 0.0747408300, -0.0150445200, 0.1147760000, 0.0728120500, -0.0380256400, 0.9899893000
0.0478835100, 0.0713448500, -0.0152155400, 0.1165950000, 0.0757146900, -0.0343519000, 0.9896933000
0.0504598900, 0.0684202400, -0.0154041500, 0.1170709000, 0.0791541000, -0.0295763000, 0.9895222000
0.0549499400, 0.0657306900, -0.0156634200, 0.1167030000, 0.0823165000, -0.0244463900, 0.9894477000
0.0573025200, 0.0633126500, -0.0157677400, 0.1153106000, 0.0858227200, -0.0182195800, 0.9894473000
0.0604775000, 0.0611396700, -0.0159882300, 0.1129371000, 0.0886423000, -0.0116082400, 0.9895721000
0.0638007400, 0.0522806200, -0.0164040300, 0.1087303000, 0.0908547600, -0.0048521990, 0.9898988000
0.0653026300, 0.0548166100, -0.0165365200, 0.1061643000, 0.0929016000, 0.0018228990, 0.9899976000
0.0675807700, 0.0559262700, -0.0164568000, 0.1022033000, 0.0942199400, 0.0084555170, 0.9902553000
0.0701296600, 0.0563928700, -0.0160722100, 0.0975338700, 0.0948608100, 0.0144373600, 0.9905959000
0.0704409300, 0.0564770000, -0.0155719800, 0.0916420400, 0.0948697600, 0.0167525700, 0.9911210000
0.0702607900, 0.0615343000, -0.0155446600, 0.0826822500, 0.0922291900, 0.0111171100, 0.9922368000
0.0702540100, 0.0616653400, -0.0163265000, 0.0747005500, 0.0905260700, 0.0048475900, 0.9930767000
0.0701091800, 0.0680855600, -0.0179362200, 0.0717664400, 0.0897356300, 0.0000000000, 0.9933769000
0.0705375000, 0.0695826500, -0.0189874300, 0.0648948100, 0.0903395300, -0.0065464290, 0.9937729000
0.0722157400, 0.0698009900, -0.0240684900, 0.0597612400, 0.0917566900, -0.0128585900, 0.9939034000
0.0722424800, 0.0733973100, -0.0242537800, 0.0554492200, 0.0948667700, -0.0193461200, 0.9937562000
0.0740042900, 0.0836944100, -0.0237959300, 0.0507306100, 0.0974406400, -0.0227653800, 0.9936868000
0.0776469100, 0.0846320000, -0.0251056700, 0.0469023300, 0.0980742100, -0.0210786100, 0.9938498000
0.0779338800, 0.0860345000, -0.0251846200, 0.0449850200, 0.0982572700, -0.0182893800, 0.9939755000
0.0781382800, 0.0862003900, -0.0254313600, 0.0409208800, 0.0982342200, -0.0178151600, 0.9941620000
0.0853217200, 0.0855905700, -0.0340485300, 0.0392493500, 0.0953130000, -0.0175866000, 0.9945177000
0.0806902800, 0.0855133500, -0.0304598100, 0.0397239000, 0.0948094300, -0.0188763500, 0.9945234000
0.0798026200, 0.0857463700, -0.0297303600, 0.0394606300, 0.0947493700, -0.0193002400, 0.9945315000
0.0795235100, 0.0850738800, -0.0296553100, 0.0392448000, 0.0946085100, -0.0186823400, 0.9945652000
0.0789303000, 0.0849142100, -0.0290856800, 0.0396786700, 0.0953423100, -0.0184600800, 0.9944822000
0.0787755500, 0.0853342300, -0.0289410300, 0.0397105800, 0.0951731300, -0.0187813800, 0.9944910000
0.0782355900, 0.0853490100, -0.0288417000, 0.0391335800, 0.0947362300, -0.0187750300, 0.9945557000
0.0780381300, 0.0839134500, -0.0289192300, 0.0388896900, 0.0947801100, -0.0186516100, 0.9945635000
0.0780677400, 0.0842365500, -0.0287517200, 0.0394058400, 0.0950501400, -0.0188645000, 0.9945133000
0.0775405100, 0.0843394700, -0.0283123700, 0.0391383400, 0.0950394800, -0.0188735900, 0.9945248000
0.0770840600, 0.0843514100, -0.0280504400, 0.0389964500, 0.0950430900, -0.0190961000, 0.9945257000
0.0770838900, 0.0847912400, -0.0279382700, 0.0392848400, 0.0949925100, -0.0190695600, 0.9945197000
0.0768803500, 0.0842704000, -0.0278645400, 0.0388676600, 0.0950197200, -0.0187794000, 0.9945390000
0.0767790500, 0.0840855200, -0.0277738900, 0.0388419600, 0.0950644800, -0.0190363200, 0.9945309000
0.0767220900, 0.0840973100, -0.0275903200, 0.0391213900, 0.0951124400, -0.0191074200, 0.9945140000
0.0764689100, 0.0842581800, -0.0274028100, 0.0390365500, 0.0950776500, -0.0191308000, 0.9945202000
0.0755844400, 0.0834277900, -0.0272056100, 0.0386263400, 0.0952560800, -0.0190457100, 0.9945207000
0.0752835100, 0.0833611600, -0.0270936500, 0.0388436900, 0.0953870000, -0.0190065500, 0.9945005000
0.0747982700, 0.0833377400, -0.0270009300, 0.0389331600, 0.0954570300, -0.0190421900, 0.9944896000
0.0745815900, 0.0831869500, -0.0268116900, 0.0387872500, 0.0953877000, -0.0191070300, 0.9945007000
0.0743191100, 0.0831420300, -0.0265873800, 0.0307738300, 0.0956335800, -0.0204932700, 0.9947297000
0.0741501900, 0.0829016900, -0.0264899900, 0.0226551400, 0.0957584600, -0.0218349000, 0.9949072000
0.0740949100, 0.0828168100, -0.0264001400, 0.0227319700, 0.0957201700, -0.0218458100, 0.9949089000
0.0740650500, 0.0827621600, -0.0263416900, 0.0227987400, 0.0957381500, -0.0218958900, 0.9949045000
0.0739598400, 0.0827358100, -0.0262905000, 0.0227185300, 0.0957343400, -0.0218853400, 0.9949069000
0.0739169100, 0.0826661600, -0.0262101900, 0.0226535000, 0.0957314600, -0.0218618300, 0.9949092000
0.0738914700, 0.0826379800, -0.0261708400, 0.0227496600, 0.0957396300, -0.0218618300, 0.9949062000
0.0739162200, 0.0822322000, -0.0261397500, 0.0225628700, 0.0956723700, -0.0219421200, 0.9949152000
0.0738192100, 0.0821730000, -0.0260418500, 0.0226008200, 0.0957422800, -0.0219461900, 0.9949075000
0.0737687600, 0.0821694700, -0.0259943200, 0.0226363900, 0.0957493600, -0.0218907800, 0.9949073000
0.0737382600, 0.0819379200, -0.0259309800, 0.0225149400, 0.0957432900, -0.0218812500, 0.9949108000
0.0736843400, 0.0818796700, -0.0258753500, 0.0225615500, 0.0957720000, -0.0218805700, 0.9949070000
0.0736578600, 0.0818850000, -0.0258441800, 0.0226189400, 0.0957390100, -0.0219237700, 0.9949079000
0.0736595800, 0.0817997500, -0.0258248500, 0.0225228800, 0.0957083400, -0.0218734200, 0.9949142000
0.0736767500, 0.0817707100, -0.0258290800, 0.0225532900, 0.0957018800, -0.0218826100, 0.9949139000
0.0736575400, 0.0817431100, -0.0258069700, 0.0225750900, 0.0957411900, -0.0218717200, 0.9949099000
0.0736567600, 0.0816516100, -0.0257851900, 0.0225156000, 0.0957091200, -0.0218979300, 0.9949137000
0.0737033700, 0.0815807300, -0.0257768700, 0.0225099800, 0.0956853700, -0.0218788700, 0.9949166000
0.0736985900, 0.0817191500, -0.0257859200, 0.0226377100, 0.0957168300, -0.0218904400, 0.9949104000
0.0736384100, 0.0815574500, -0.0256894700, 0.0225023600, 0.0957495100, -0.0219132400, 0.9949098000
0.0736227500, 0.0813871800, -0.0256548200, 0.0224622600, 0.0957170600, -0.0219366800, 0.9949133000
0.0736296500, 0.0813920100, -0.0256382000, 0.0225255300, 0.0957002400, -0.0219312500, 0.9949136000
0.0736362900, 0.0813802300, -0.0256277500, 0.0225040200, 0.0956969800, -0.0219404200, 0.9949142000
0.0736051400, 0.0813810100, -0.0256116800, 0.0225344600, 0.0957329300, -0.0219346500, 0.9949102000
0.0735825200, 0.0813724200, -0.0255801000, 0.0225169300, 0.0957418900, -0.0219526400, 0.9949093000
0.0735656800, 0.0813850300, -0.0255642000, 0.0225268500, 0.0957278800, -0.0219641800, 0.9949102000
0.0736038600, 0.0814025700, -0.0255671500, 0.0225688200, 0.0957028900, -0.0219118800, 0.9949128000
0.0735990800, 0.0815201700, -0.0255859900, 0.0226110300, 0.0956969000, -0.0219146000, 0.9949123000
0.0735940700, 0.0816059600, -0.0255890300, 0.0226653400, 0.0957439100, -0.0219043900, 0.9949068000
0.0735788600, 0.0812490600, -0.0255697200, 0.0224194400, 0.0956869300, -0.0219230900, 0.9949175000
0.0734796400, 0.0812287300, -0.0254860300, 0.0224559600, 0.0957867000, -0.0219757100, 0.9949058000
0.0735559300, 0.0813609300, -0.0255856500, 0.0226656700, 0.0956323300, -0.0218577500, 0.9949186000
0.0735629400, 0.0808929400, -0.0255944900, 0.0222831000, 0.0956434800, -0.0219281900, 0.9949246000
0.0735562400, 0.0811692700, -0.0256000900, 0.0225238700, 0.0956711200, -0.0219455100, 0.9949161000
0.0735381200, 0.0814010000, -0.0256042100, 0.0225889500, 0.0956194000, -0.0219699400, 0.9949191000
0.0735244800, 0.0814668500, -0.0256033100, 0.0225516400, 0.0956699600, -0.0219950200, 0.9949145000
0.0735231500, 0.0815039400, -0.0256166400, 0.0225595700, 0.0956224400, -0.0220163500, 0.9949184000
0.0735021900, 0.0814935300, -0.0255947600, 0.0224237600, 0.0956396500, -0.0221095600, 0.9949178000
0.0735139000, 0.0814749800, -0.0255967000, 0.0223332000, 0.0955710800, -0.0221664400, 0.9949251000
0.0735571900, 0.0814290300, -0.0256249900, 0.0222590100, 0.0955363000, -0.0222164600, 0.9949290000
0.0735922500, 0.0813629600, -0.0256417700, 0.0221852500, 0.0955405900, -0.0223218500, 0.9949279000
0.0736132600, 0.0813056700, -0.0256443800, 0.0221021400, 0.0955327200, -0.0224682300, 0.9949272000
0.0736728800, 0.0810800300, -0.0256783000, 0.0220555800, 0.0955485400, -0.0223552000, 0.9949293000
0.0736569300, 0.0810141600, -0.0256420600, 0.0220265100, 0.0956808600, -0.0223198500, 0.9949180000
0.0736692800, 0.0809809700, -0.0256523800, 0.0220589500, 0.0955419200, -0.0224586100, 0.9949275000
0.0736742500, 0.0809513800, -0.0256444300, 0.0220122900, 0.0955453400, -0.0225793800, 0.9949254000
0.0737118500, 0.0809556700, -0.0256643800, 0.0220647000, 0.0955657000, -0.0223945000, 0.9949265000
0.0737353000, 0.0815222000, -0.0257680900, 0.0222984700, 0.0955717800, -0.0223342000, 0.9949221000
0.0737596800, 0.0813276900, -0.0257724500, 0.0221021400, 0.0955674900, -0.0224453400, 0.9949244000
0.0737620100, 0.0812841500, -0.0257489700, 0.0220278600, 0.0955673300, -0.0224881200, 0.9949251000
0.0737854200, 0.0812867700, -0.0257678300, 0.0220822500, 0.0955500200, -0.0223831800, 0.9949279000
0.0737946000, 0.0812859900, -0.0257770000, 0.0221041700, 0.0955979700, -0.0223718600, 0.9949231000
0.0738021300, 0.0812301500, -0.0257659000, 0.0220606400, 0.0955795000, -0.0224214300, 0.9949247000
0.0738076600, 0.0812072300, -0.0257606300, 0.0220410500, 0.0955635900, -0.0224410300, 0.9949263000
0.0738235500, 0.0812085500, -0.0257664300, 0.0220674000, 0.0955592200, -0.0224164400, 0.9949266000
0.0738200900, 0.0812117800, -0.0257750700, 0.0220589500, 0.0955703000, -0.0223961600, 0.9949262000
0.0738447200, 0.0809350500, -0.0257462300, 0.0219180000, 0.0955473700, -0.0224702200, 0.9949298000
0.0738575300, 0.0809468400, -0.0257347300, 0.0220180500, 0.0955596200, -0.0224642500, 0.9949266000
0.0738574800, 0.0809667700, -0.0257315600, 0.0220292100, 0.0955739600, -0.0223901700, 0.9949266000
0.0738625500, 0.0809331400, -0.0257349800, 0.0219730000, 0.0955714700, -0.0223891700, 0.9949281000
0.0738549800, 0.0810357900, -0.0257382900, 0.0221075400, 0.0955918900, -0.0224031500, 0.9949229000
0.0738539400, 0.0810534000, -0.0257323400, 0.0220559100, 0.0955853400, -0.0224041400, 0.9949246000
0.0738554400, 0.0810439000, -0.0257350700, 0.0220133100, 0.0955674100, -0.0223928300, 0.9949275000
0.0738156100, 0.0810327100, -0.0257417900, 0.0220001000, 0.0955861200, -0.0223988200, 0.9949259000
0.0738211400, 0.0811493300, -0.0257617300, 0.0221183200, 0.0955758300, -0.0223851800, 0.9949246000
0.0737843300, 0.0810865500, -0.0257428300, 0.0219980700, 0.0955986700, -0.0224214300, 0.9949242000
0.0737357000, 0.0809680700, -0.0257150800, 0.0219118800, 0.0956063000, -0.0224367100, 0.9949251000
0.0736744100, 0.0809408700, -0.0257159100, 0.0219645200, 0.0956108300, -0.0224097900, 0.9949241000
0.0735935500, 0.0809461800, -0.0257053300, 0.0220095900, 0.0956319400, -0.0224068000, 0.9949211000
0.0735550700, 0.0809760500, -0.0257021000, 0.0220342800, 0.0956198600, -0.0224167800, 0.9949215000
0.0735317300, 0.0809734700, -0.0257110900, 0.0219953600, 0.0955994500, -0.0224131200, 0.9949244000
0.0735092200, 0.0809638000, -0.0257163100, 0.0219852000, 0.0956049900, -0.0224018200, 0.9949244000
0.0735060300, 0.0810203800, -0.0257309800, 0.0220562500, 0.0955947700, -0.0224038100, 0.9949237000
0.0734910100, 0.0810262000, -0.0257528700, 0.0220261700, 0.0955907200, -0.0224068000, 0.9949247000
0.0734022100, 0.0810335000, -0.0257786800, 0.0220204100, 0.0956063000, -0.0224191000, 0.9949231000
0.0734202900, 0.0810513500, -0.0257720800, 0.0220481400, 0.0956053700, -0.0223665300, 0.9949237000
0.0734252200, 0.0811019000, -0.0257793100, 0.0220802200, 0.0955994500, -0.0223828500, 0.9949232000
0.0733415000, 0.0810687900, -0.0258214900, 0.0219980700, 0.0955952400, -0.0224320600, 0.9949244000
0.0733160400, 0.0811206600, -0.0258350000, 0.0220650300, 0.0956160500, -0.0224001500, 0.9949216000
0.0733209900, 0.0811244200, -0.0258373500, 0.0220180500, 0.0955904900, -0.0224137800, 0.9949248000
0.0733046900, 0.0811241500, -0.0258351200, 0.0220231200, 0.0956101300, -0.0224028100, 0.9949230000
0.0733071800, 0.0811852700, -0.0258332500, 0.0220822500, 0.0956143400, -0.0223865100, 0.9949217000
0.0732870900, 0.0812022000, -0.0258335300, 0.0220481400, 0.0956132400, -0.0224171100, 0.9949219000
0.0733048400, 0.0811913100, -0.0258343600, 0.0220190600, 0.0955932900, -0.0223891700, 0.9949250000
0.0732818200, 0.0811838500, -0.0258244300, 0.0219967200, 0.0956139400, -0.0224320600, 0.9949226000
0.0732043200, 0.0811760900, -0.0256168700, 0.0219540000, 0.0957028100, -0.0224284100, 0.9949151000
0.0731810300, 0.0812240200, -0.0255156100, 0.0220292100, 0.0956981400, -0.0224204300, 0.9949140000
0.0731683900, 0.0812544600, -0.0254605200, 0.0220346200, 0.0956958800, -0.0224134500, 0.9949143000
0.0732694100, 0.0816812400, -0.0257778700, 0.0222375800, 0.0955581400, -0.0224157800, 0.9949229000
0.0733097800, 0.0818032500, -0.0258596000, 0.0222127700, 0.0955773100, -0.0224004800, 0.9949220000
0.0733401300, 0.0818824300, -0.0259095100, 0.0222576700, 0.0956500200, -0.0224058100, 0.9949139000
0.0733668400, 0.0819502500, -0.0259517700, 0.0222312100, 0.0955419200, -0.0224014800, 0.9949250000
0.0733909200, 0.0820111600, -0.0259896400, 0.0222456200, 0.0955788700, -0.0224254200, 0.9949206000
0.0734127200, 0.0820662500, -0.0260238800, 0.0222322200, 0.0955686600, -0.0224606100, 0.9949211000
0.0734324400, 0.0821160900, -0.0260548700, 0.0222151200, 0.0955340400, -0.0224260800, 0.9949256000
0.0734607700, 0.0821686800, -0.0261008000, 0.0222405900, 0.0955459700, -0.0224068000, 0.9949242000
0.0735536900, 0.0822784300, -0.0264639900, 0.0222653700, 0.0954414200, -0.0224450100, 0.9949329000
0.0735133700, 0.0824965200, -0.0264608200, 0.0223485400, 0.0955858100, -0.0224161100, 0.9949178000
0.0735883600, 0.0825022200, -0.0264458700, 0.0222181400, 0.0955343500, -0.0224008200, 0.9949260000
0.0735919400, 0.0825552800, -0.0265070400, 0.0222476300, 0.0955118100, -0.0224616000, 0.9949262000
0.0736051100, 0.0825634100, -0.0265196100, 0.0222228300, 0.0955235100, -0.0224277400, 0.9949263000
0.0736104800, 0.0825963800, -0.0267601400, 0.0222509800, 0.0954561800, -0.0224539700, 0.9949316000
0.0736273800, 0.0826066700, -0.0266753100, 0.0222342300, 0.0955349000, -0.0224124500, 0.9949253000
0.0736133400, 0.0826451800, -0.0266610300, 0.0222372400, 0.0955386400, -0.0224499900, 0.9949241000
0.0736319100, 0.0826649200, -0.0266382100, 0.0222436100, 0.0955317000, -0.0224211000, 0.9949252000
0.0736464100, 0.0826822400, -0.0266464000, 0.0222295400, 0.0955068200, -0.0224410300, 0.9949275000
0.0736953500, 0.0826728600, -0.0267147600, 0.0221986800, 0.0954559400, -0.0224569600, 0.9949327000
0.0736892900, 0.0827164800, -0.0266945900, 0.0222338900, 0.0955179000, -0.0224509800, 0.9949261000
0.0736958800, 0.0827755300, -0.0266973000, 0.0222556600, 0.0955051800, -0.0224503200, 0.9949268000
0.0736989500, 0.0828454500, -0.0267188000, 0.0222553300, 0.0954868400, -0.0224967300, 0.9949275000
0.0737279700, 0.0827933400, -0.0266803200, 0.0221741600, 0.0954989300, -0.0224413600, 0.9949295000
0.0737461700, 0.0827735900, -0.0266604400, 0.0221946500, 0.0955062700, -0.0224526400, 0.9949281000
0.0737617000, 0.0827590700, -0.0266439700, 0.0222362400, 0.0955216400, -0.0224446800, 0.9949258000
0.0737757100, 0.0827464000, -0.0266289000, 0.0222737300, 0.0955078300, -0.0224191000, 0.9949269000
0.0737884500, 0.0827350100, -0.0266148600, 0.0221966700, 0.0954941800, -0.0224217600, 0.9949299000
0.0738000300, 0.0827247700, -0.0266017500, 0.0221899500, 0.0954970600, -0.0224450100, 0.9949292000
0.0738106100, 0.0827155700, -0.0265894800, 0.0221442400, 0.0954983900, -0.0224373700, 0.9949303000
0.0738202500, 0.0827073200, -0.0265779600, 0.0221371700, 0.0954994900, -0.0224480000, 0.9949301000
0.0738290500, 0.0826999400, -0.0265670700, 0.0221825600, 0.0955695100, -0.0224277400, 0.9949228000
0.0738371200, 0.0826933500, -0.0265566300, 0.0221149500, 0.0953899600, -0.0224562900, 0.9949409000
0.0738445000, 0.0826874700, -0.0265468000, 0.0221247200, 0.0954151100, -0.0224496600, 0.9949384000
0.0738512500, 0.0826822100, -0.0265374800, 0.0221341500, 0.0954781800, -0.0224483300, 0.9949322000
0.0738574400, 0.0826775500, -0.0265286100, 0.0221862600, 0.0954617900, -0.0224240900, 0.9949332000
0.0738631000, 0.0826734000, -0.0265201700, 0.0221798800, 0.0954822400, -0.0224194400, 0.9949314000
0.0738683000, 0.0826697100, -0.0265121200, 0.0221886100, 0.0954880900, -0.0224254200, 0.9949305000
0.0738730900, 0.0826664500, -0.0265044000, 0.0221698000, 0.0954250200, -0.0224151100, 0.9949372000
0.0738775200, 0.0826635800, -0.0264969300, 0.0221119200, 0.0953397300, -0.0224533100, 0.9949458000
0.0738816000, 0.0826610600, -0.0264896700, 0.0221189900, 0.0954539900, -0.0224151100, 0.9949356000
0.0738853000, 0.0826588000, -0.0264831700, 0.0221391900, 0.0954759900, -0.0224639200, 0.9949319000
0.0738886200, 0.0826567300, -0.0264773400, 0.0221519800, 0.0954367400, -0.0224824900, 0.9949350000
0.0738916200, 0.0826548600, -0.0264721200, 0.0221818900, 0.0954910600, -0.0224353800, 0.9949302000
0.0738943400, 0.0826531700, -0.0264674400, 0.0221469300, 0.0954719400, -0.0224294000, 0.9949329000
0.0738968000, 0.0826516200, -0.0264633000, 0.0220866300, 0.0953737900, -0.0224911000, 0.9949423000
0.0738989900, 0.0826501900, -0.0264596300, 0.0221109100, 0.0954414200, -0.0224430200, 0.9949363000
0.0739009700, 0.0826488700, -0.0264564200, 0.0220444200, 0.0953324600, -0.0224662400, 0.9949478000
0.0739027300, 0.0826476900, -0.0264536200, 0.0221014700, 0.0954596800, -0.0224596100, 0.9949344000
0.0739043100, 0.0826465900, -0.0264511400, 0.0220690800, 0.0954259600, -0.0224489900, 0.9949387000
0.0739057500, 0.0826455900, -0.0264489300, 0.0220721200, 0.0954841200, -0.0224669100, 0.9949326000
0.0739070300, 0.0826446800, -0.0264469800, 0.0220876400, 0.0955129800, -0.0224450100, 0.9949299000
0.0739081900, 0.0826438600, -0.0264452900, 0.0221072000, 0.0954299400, -0.0224811600, 0.9949366000
0.0739092200, 0.0826430800, -0.0264438200, 0.0220518600, 0.0954768600, -0.0224453400, 0.9949343000
0.0739101400, 0.0826423900, -0.0264425400, 0.0220545600, 0.0954897300, -0.0224509800, 0.9949328000
0.0739109600, 0.0826417400, -0.0264414200, 0.0220126300, 0.0955116500, -0.0224420200, 0.9949318000
0.0739117000, 0.0826411400, -0.0264405000, 0.0220879800, 0.0954297100, -0.0224897800, 0.9949369000
0.0739123600, 0.0826405900, -0.0264397500, 0.0219933300, 0.0954379900, -0.0224868000, 0.9949383000
0.0739129300, 0.0826400700, -0.0264391500, 0.0220511800, 0.0955123500, -0.0224314000, 0.9949311000
0.0739134300, 0.0826396000, -0.0264386600, 0.0220315800, 0.0954859100, -0.0224556300, 0.9949336000
0.0739138900, 0.0826391700, -0.0264382500, 0.0220275200, 0.0954628900, -0.0224682300, 0.9949356000
0.0739143000, 0.0826387600, -0.0264379500, 0.0221112400, 0.0954875500, -0.0224562900, 0.9949316000
0.0739146500, 0.0826383900, -0.0264377200, 0.0221159600, 0.0954906600, -0.0224406900, 0.9949316000
0.0739149500, 0.0826380300, -0.0264375900, 0.0220241400, 0.0955172700, -0.0224297300, 0.9949313000
0.0739152200, 0.0826377100, -0.0264375100, 0.0220694200, 0.0955102500, -0.0224370400, 0.9949308000
0.0739154500, 0.0826374100, -0.0264375300, 0.0221213500, 0.0954223700, -0.0224655800, 0.9949375000
0.0739156500, 0.0826371200, -0.0264376400, 0.0220068800, 0.0954071400, -0.0224851400, 0.9949410000
0.0739158000, 0.0826368400, -0.0264378600, 0.0220707700, 0.0955219500, -0.0224264100, 0.9949299000
0.0739159400, 0.0826365700, -0.0264380900, 0.0220309000, 0.0955054200, -0.0224406900, 0.9949321000
0.0739160500, 0.0826363300, -0.0264383500, 0.0220278600, 0.0955026100, -0.0224543000, 0.9949321000
0.0739161400, 0.0826361000, -0.0264386200, 0.0220217700, 0.0955076700, -0.0224230900, 0.9949325000
0.0739162200, 0.0826358800, -0.0264389000, 0.0219913000, 0.0955085300, -0.0224403600, 0.9949327000
0.0739162800, 0.0826356800, -0.0264392000, 0.0220234600, 0.0955144600, -0.0224327200, 0.9949315000
0.0739163300, 0.0826354800, -0.0264395100, 0.0220136500, 0.0955148500, -0.0224480000, 0.9949313000
0.0739163700, 0.0826353100, -0.0264398300, 0.0220082300, 0.0954914500, -0.0224682300, 0.9949333000
0.0739164000, 0.0826351400, -0.0264401600, 0.0220349600, 0.0955108000, -0.0224383700, 0.9949315000
0.0739164200, 0.0826349900, -0.0264405000, 0.0220194000, 0.0954994000, -0.0224606100, 0.9949325000
0.0739164300, 0.0826348400, -0.0264408500, 0.0219913000, 0.0955067400, -0.0224234200, 0.9949332000
0.0739164300, 0.0826346900, -0.0264412100, 0.0219563700, 0.0954997200, -0.0224466700, 0.9949341000
0.0739164300, 0.0826345500, -0.0264415800, 0.0219774000, 0.0955040100, -0.0224546300, 0.9949331000
0.0739164100, 0.0826344300, -0.0264419400, 0.0220082300, 0.0954998700, -0.0224483300, 0.9949329000
0.0739164000, 0.0826343100, -0.0264423200, 0.0220007800, 0.0955224900, -0.0224247500, 0.9949314000
0.0739163700, 0.0826341800, -0.0264427000, 0.0219967200, 0.0955490100, -0.0224224300, 0.9949290000
0.0739163400, 0.0826340800, -0.0264430800, 0.0220275200, 0.0955305300, -0.0224211000, 0.9949301000
0.0739163000, 0.0826339600, -0.0264434600, 0.0219868900, 0.0955169600, -0.0224247500, 0.9949322000
0.0739162800, 0.0826338500, -0.0264438500, 0.0219780800, 0.0955201500, -0.0224237600, 0.9949322000
0.0739162300, 0.0826337600, -0.0264442500, 0.0219577300, 0.0955189800, -0.0224310600, 0.9949326000
0.0739161900, 0.0826336600, -0.0264446700, 0.0220288700, 0.0955053300, -0.0224426900, 0.9949321000
0.0739161400, 0.0826335500, -0.0264451000, 0.0220102600, 0.0955447300, -0.0224004800, 0.9949296000
0.0739160800, 0.0826334600, -0.0264455500, 0.0220045100, 0.0954927700, -0.0224476600, 0.9949337000
0.0739160300, 0.0826333600, -0.0264460000, 0.0219719800, 0.0954513300, -0.0224629300, 0.9949380000
0.0739159700, 0.0826332500, -0.0264464500, 0.0219692600, 0.0955019000, -0.0224230900, 0.9949341000
0.0739159100, 0.0826331600, -0.0264469100, 0.0219417800, 0.0955064300, -0.0224204300, 0.9949344000
0.0739158500, 0.0826330700, -0.0264473600, 0.0219655300, 0.0955051000, -0.0224197700, 0.9949340000
0.0739157800, 0.0826329700, -0.0264478600, 0.0219543400, 0.0954281500, -0.0224877900, 0.9949401000
0.0739156800, 0.0826328600, -0.0264484300, 0.0219054100, 0.0955450300, -0.0223931700, 0.9949321000
0.0739156000, 0.0826327400, -0.0264490400, 0.0219638400, 0.0954660100, -0.0224406900, 0.9949373000
0.0739155100, 0.0826326200, -0.0264496400, 0.0219183400, 0.0954849700, -0.0224682300, 0.9949359000
0.0739154100, 0.0826325300, -0.0264502100, 0.0219370200, 0.0954876200, -0.0224307300, 0.9949360000
0.0739153300, 0.0826324100, -0.0264507800, 0.0219054100, 0.0955193800, -0.0224094600, 0.9949342000
0.0739152400, 0.0826323100, -0.0264513300, 0.0219281900, 0.0955437100, -0.0223958300, 0.9949316000
0.0739151400, 0.0826322100, -0.0264518900, 0.0219098400, 0.0954855200, -0.0224390300, 0.9949366000
0.0739150600, 0.0826321200, -0.0264524300, 0.0219241100, 0.0955112700, -0.0224201000, 0.9949343000
0.0739149700, 0.0826320200, -0.0264529800, 0.0219339700, 0.0954541400, -0.0224426900, 0.9949390000
0.0739148800, 0.0826319200, -0.0264535400, 0.0219434800, 0.0955319300, -0.0224184400, 0.9949319000
0.0739147800, 0.0826318300, -0.0264541300, 0.0219444900, 0.0954496200, -0.0224612700, 0.9949389000
0.0739146900, 0.0826317100, -0.0264547400, 0.0218655800, 0.0954985500, -0.0224151100, 0.9949369000
0.0739145900, 0.0826316100, -0.0264553600, 0.0219020100, 0.0954475100, -0.0224695600, 0.9949398000
0.0739144800, 0.0826315100, -0.0264559900, 0.0218941900, 0.0955052600, -0.0224167800, 0.9949356000
0.0739143800, 0.0826313900, -0.0264566300, 0.0218410400, 0.0954378300, -0.0224569600, 0.9949424000
0.0739142700, 0.0826312800, -0.0264573000, 0.0218819300, 0.0955283500, -0.0224154500, 0.9949337000
0.0739141500, 0.0826311700, -0.0264579400, 0.0218795500, 0.0955314600, -0.0223828500, 0.9949342000
0.0739140400, 0.0826310600, -0.0264585700, 0.0219173200, 0.0955230400, -0.0224181100, 0.9949334000
0.0739139500, 0.0826309500, -0.0264591800, 0.0219030300, 0.0954913700, -0.0224277400, 0.9949365000
0.0739138400, 0.0826308600, -0.0264597900, 0.0218635400, 0.0954316600, -0.0224433500, 0.9949427000
0.0739139200, 0.0826304800, -0.0264607600, 0.0218662700, 0.0955309900, -0.0223865100, 0.9949344000
0.0739141600, 0.0826298700, -0.0264620000, 0.0219135800, 0.0954803700, -0.0224310600, 0.9949372000
0.0739145500, 0.0826290500, -0.0264634800, 0.0218901000, 0.0955420700, -0.0223968300, 0.9949327000
0.0739150600, 0.0826280400, -0.0264651400, 0.0218642200, 0.0955063500, -0.0223978200, 0.9949365000
0.0739157000, 0.0826268700, -0.0264669600, 0.0218833000, 0.0955367700, -0.0223731900, 0.9949338000
